GI	Eco_Ctrl1	Eco_Ctrl2	Eco_Exp1	Eco_Exp2
b0001	26	16	28	33
b0002	9	6	46	20
b0003	6	2	17	1
b0004	6	3	16	3
b0005	1	0	1	1
b0006	1	1	17	6
b0007	0	0	0	0
b0008	22	7	102	38
b0009	5	0	14	6
b0010	3	0	4	2
b0011	0	0	0	0
b0012	0	0	0	0
b0013	0	0	0	0
b0014	18	7	144	28
b0015	8	3	15	3
b0016	0	0	0	1
b0018	0	0	0	0
b0019	9	2	2	1
b0020	0	0	2	0
b0021	0	0	0	0
b0022	0	0	0	0
b0023	128	42	313	48
b0024	0	0	3	0
b0025	8	2	56	12
b0026	93	24	180	43
b0027	10	1	20	5
b0028	1	1	10	4
b0029	4	0	9	5
b0030	0	0	0	0
b0031	3	2	13	2
b0032	2	1	21	4
b0033	1	0	14	0
b0034	0	0	0	0
b0035	0	0	0	0
b0036	0	0	0	0
b0037	0	0	0	0
b0038	0	0	1	0
b0039	1	0	3	1
b0040	0	0	0	0
b0041	0	0	0	0
b0042	0	0	0	1
b0043	0	0	1	0
b0044	0	0	0	0
b0045	0	0	0	1
b0046	0	0	3	0
b0047	2	0	1	1
b0048	9	3	31	10
b0049	0	0	1	0
b0050	0	0	1	0
b0051	1	0	8	0
b0052	0	0	6	3
b0053	7	5	36	10
b0054	15	4	40	12
b0055	1	0	4	0
b0056	0	0	2	0
b0057	0	0	0	0
b0058	1	0	2	0
b0059	8	0	11	4
b0060	1	1	0	3
b0061	0	0	0	0
b0062	0	0	0	0
b0063	0	0	0	0
b0064	0	0	0	2
b0065	2	0	4	5
b0066	0	0	0	0
b0067	4	0	7	7
b0068	5	4	31	13
b0069	0	0	0	0
b0070	0	0	13	2
b0071	24	6	51	19
b0072	65	20	72	23
b0073	31	10	66	11
b0074	25	10	73	15
b0075	1	1	4	0
b0076	0	0	1	0
b0077	2	2	20	5
b0078	1	0	1	0
b0080	5	0	16	4
b0081	9	1	43	15
b0082	15	5	45	14
b0083	1	0	12	1
b0084	4	0	9	3
b0085	0	0	4	0
b0086	0	0	6	3
b0087	5	1	13	4
b0088	2	0	15	6
b0089	1	0	14	6
b0090	2	1	9	5
b0091	5	0	19	13
b0092	6	1	25	9
b0093	2	0	25	9
b0094	14	3	76	23
b0095	74	32	365	135
b0096	328	100	973	334
b0097	1	1	6	5
b0098	8	7	20	5
b0099	0	0	0	0
b0101	0	0	5	1
b0102	4	2	16	1
b0103	2	0	8	3
b0104	3	4	19	2
b0106	0	0	1	0
b0107	0	0	0	0
b0108	0	0	0	0
b0109	5	1	3	1
b0110	1	0	8	0
b0111	0	0	4	1
b0112	5	2	28	4
b0113	15	2	45	21
b0114	107	34	330	98
b0115	52	20	117	33
b0116	49	14	228	43
b0117	0	0	0	0
b0118	51	23	204	69
b0119	3	3	11	2
b0120	1	0	5	2
b0121	5	3	28	2
b0122	3	0	13	2
b0123	4	2	2	2
b0124	23	8	20	5
b0125	21	5	48	13
b0126	11	5	64	7
b0127	1	0	5	2
b0128	1	1	4	4
b0129	3	0	0	0
b0130	0	0	0	0
b0131	7	6	73	16
b0132	1	1	2	1
b0133	9	5	63	26
b0134	6	3	32	9
b0135	0	0	0	0
b0136	0	0	1	0
b0137	0	0	1	0
b0138	0	0	0	0
b0139	0	0	0	0
b0140	1	0	0	0
b0141	0	0	0	0
b0142	0	0	0	0
b0143	5	3	24	10
b0144	0	0	2	1
b0145	17	4	39	16
b0146	1	3	4	2
b0147	0	0	1	0
b0148	3	1	18	5
b0149	6	4	13	8
b0150	10	3	6	1
b0151	0	0	0	0
b0152	0	0	0	0
b0153	3	0	0	0
b0154	14	5	26	10
b0155	0	0	0	0
b0156	14	3	50	18
b0157	0	0	8	3
b0158	0	0	3	0
b0159	16	6	67	18
b0160	0	0	5	1
b0161	2	1	21	7
b0162	0	1	0	0
b0163	4	1	10	0
b0164	0	0	0	0
b0166	18	10	75	38
b0167	2	0	5	4
b0168	27	13	106	19
b0169	286	86	843	256
b0170	160	39	396	101
b0171	2	4	11	1
b0172	41	10	205	38
b0173	1	1	15	9
b0174	11	7	51	14
b0175	7	1	28	5
b0176	7	3	42	12
b0177	18	6	72	20
b0178	19	9	51	13
b0179	17	3	47	22
b0180	18	5	54	25
b0181	17	15	63	38
b0182	1	2	9	5
b0183	0	0	2	2
b0184	13	3	30	8
b0185	22	11	105	31
b0186	3	0	5	0
b0187	1	1	3	3
b0188	3	1	16	7
b0189	5	3	15	6
b0190	0	1	2	0
b0191	1	0	5	3
b0192	1	2	14	3
b0193	0	0	0	0
b0194	25	14	156	49
b0195	0	0	2	0
b0196	2	1	6	2
b0197	18	12	82	41
b0198	9	1	28	19
b0199	6	0	23	10
b0200	2	5	18	9
b0207	0	0	0	0
b0208	0	0	1	2
b0209	3	0	24	6
b0210	2	0	2	0
b0211	40	7	91	39
b0212	0	0	0	0
b0213	0	0	1	0
b0214	0	1	1	1
b0215	1	2	32	4
b0217	0	0	0	0
b0218	0	0	0	0
b0219	2	0	7	0
b0220	6	6	63	16
b0221	1	2	8	2
b0222	9	6	32	7
b0223	6	0	9	3
b0224	5	0	22	2
b0225	8	1	21	5
b0226	7	0	17	4
b0227	0	0	0	0
b0228	0	0	0	0
b0229	0	0	0	0
b0230	0	0	0	0
b0231	0	0	0	5
b0232	0	0	0	1
b0233	0	0	0	0
b0234	0	0	0	0
b0235	0	0	0	1
b0236	0	0	0	1
b0237	12	2	35	4
b0238	27	3	110	27
b0239	4	0	19	6
b0240	15	10	112	26
b0241	0	0	0	0
b0242	13	5	53	8
b0243	6	1	22	5
b0245	0	0	0	0
b0246	0	0	0	0
b0247	0	0	0	0
b0248	0	0	0	0
b0249	0	0	0	0
b0250	0	0	0	0
b0251	0	0	0	0
b0252	0	0	0	0
b0253	0	0	0	0
b0254	0	0	0	0
b0256	0	0	0	0
b0258	1	0	1	0
b0259	0	1	0	0
b0260	2	0	0	1
b0261	3	0	0	0
b0262	1	0	0	0
b0263	0	0	0	0
b0264	0	0	0	0
b0265	1	0	0	1
b0266	0	0	0	0
b0267	0	0	0	0
b0268	0	0	0	0
b0269	0	0	0	0
b0270	1	0	0	0
b0271	0	0	0	0
b0272	3	0	0	0
b0273	1	1	0	1
b0274	0	0	0	0
b0275	0	0	0	0
b0276	0	0	0	0
b0277	0	0	0	0
b0278	0	0	0	0
b0279	0	0	0	0
b0280	0	1	1	0
b0281	2	0	1	0
b0282	0	0	0	0
b0283	0	0	0	0
b0284	1	0	0	0
b0285	0	0	0	0
b0286	0	0	0	0
b0287	0	2	1	0
b0288	0	0	0	0
b0289	0	0	0	0
b0290	0	0	0	1
b0291	0	0	0	0
b0292	0	0	0	0
b0293	1	0	0	0
b0294	0	0	0	0
b0295	0	0	0	0
b0296	1	0	0	0
b0297	0	0	0	0
b0298	0	0	0	0
b0299	0	0	0	0
b0300	0	0	0	0
b0301	0	0	0	0
b0303	0	0	0	0
b0304	1	0	0	0
b0305	0	0	0	0
b0306	0	0	0	0
b0307	0	0	0	0
b0308	0	0	0	0
b0310	0	0	0	0
b0311	3	0	0	0
b0312	0	1	2	3
b0313	2	0	1	0
b0314	1	0	5	1
b0315	1	1	0	0
b0316	0	0	0	0
b0317	0	0	0	0
b0318	0	0	0	0
b0319	0	0	0	0
b0320	0	0	0	0
b0321	0	0	0	0
b0322	1	1	0	1
b0323	0	0	0	0
b0324	1	0	0	0
b0325	4	0	0	0
b0326	0	0	0	0
b0327	0	0	0	0
b0328	0	0	0	0
b0329	2	0	0	0
b0330	0	0	0	0
b0331	0	0	0	0
b0333	0	0	0	0
b0334	0	0	0	0
b0335	0	0	0	0
b0336	3	1	0	0
b0337	1	1	0	0
b0338	1	0	0	0
b0339	0	0	0	0
b0340	0	0	0	0
b0341	0	0	1	0
b0342	0	0	0	0
b0343	0	0	0	0
b0344	0	0	0	0
b0345	2	0	1	1
b0346	0	1	1	0
b0347	0	0	0	0
b0348	1	0	0	0
b0349	0	0	0	0
b0350	0	0	0	0
b0351	0	0	1	0
b0352	0	0	0	0
b0353	0	0	0	0
b0354	1	0	0	1
b0355	0	1	0	0
b0356	0	3	6	3
b0357	0	0	3	1
b0358	0	0	0	0
b0360	0	1	0	0
b0361	1	0	0	0
b0363	0	0	0	0
b0364	0	0	0	0
b0365	0	0	0	0
b0366	0	0	0	0
b0367	0	0	0	0
b0368	0	0	0	0
b0369	8	5	70	22
b0372	0	1	0	0
b0373	0	0	0	0
b0375	0	0	0	0
b0376	2	0	0	0
b0377	1	1	0	0
b0378	1	1	0	0
b0379	0	0	0	0
b0380	0	3	2	1
b0381	11	1	20	2
b0382	1	0	6	2
b0383	1	1	3	3
b0384	0	0	0	0
b0385	0	0	0	0
b0386	3	0	6	1
b0387	0	0	2	1
b0388	1	0	2	0
b0389	1	0	2	1
b0390	0	0	1	1
b0391	0	0	6	2
b0392	0	0	1	0
b0393	15	4	27	17
b0394	4	1	5	1
b0396	1	0	3	1
b0397	0	1	2	0
b0398	1	0	5	0
b0399	2	0	0	0
b0400	3	1	2	0
b0401	15	2	35	11
b0402	4	1	14	2
b0403	1	0	15	2
b0404	1	1	2	0
b0405	9	2	18	7
b0406	6	2	19	9
b0407	5	1	26	6
b0408	32	5	78	41
b0409	18	3	22	4
b0410	0	0	5	3
b0411	22	2	162	43
b0412	0	0	3	0
b0413	3	1	21	5
b0414	14	0	19	6
b0415	7	4	27	4
b0416	8	4	40	14
b0417	1	1	4	2
b0418	2	1	13	1
b0419	1	1	1	0
b0420	1	0	7	0
b0421	2	0	8	3
b0422	3	1	8	3
b0423	14	9	48	14
b0424	3	0	4	4
b0425	2	1	13	5
b0426	9	8	62	14
b0427	0	0	5	1
b0428	10	2	19	7
b0429	4	0	18	4
b0430	10	3	20	17
b0431	38	13	52	24
b0432	39	9	112	35
b0433	0	0	3	1
b0434	4	2	20	8
b0435	5	2	14	6
b0436	239	68	822	273
b0437	9	1	42	13
b0438	58	18	146	42
b0439	15	4	88	33
b0440	17	8	105	35
b0441	25	5	72	22
b0442	0	0	1	0
b0443	0	0	0	0
b0444	1	2	9	2
b0445	0	1	0	0
b0446	1	0	6	0
b0447	1	0	5	2
b0448	0	0	4	0
b0449	2	1	1	1
b0450	0	0	1	0
b0451	2	0	2	1
b0452	6	0	24	3
b0453	2	2	2	0
b0454	1	0	0	0
b0456	0	0	0	0
b0457	0	0	2	1
b0458	0	0	1	0
b0459	0	0	0	0
b0460	0	0	1	0
b0461	0	1	7	0
b0462	17	5	56	22
b0463	12	4	63	22
b0464	1	0	0	1
b0465	7	3	13	5
b0466	0	0	3	1
b0467	0	0	7	1
b0468	2	0	0	1
b0469	7	1	19	11
b0470	0	0	0	0
b0471	8	2	19	11
b0472	9	4	24	6
b0473	6	2	31	3
b0474	21	6	76	17
b0475	0	0	4	3
b0476	0	0	1	0
b0477	1	0	7	0
b0478	2	0	20	6
b0479	1	0	4	2
b0480	7	1	14	3
b0481	0	0	12	1
b0482	0	0	1	0
b0483	0	0	8	3
b0484	0	1	0	0
b0485	1	0	0	1
b0486	1	1	0	0
b0487	1	1	1	0
b0488	4	0	0	0
b0489	2	1	1	0
b0490	0	0	0	0
b0491	0	0	0	0
b0492	2	1	1	0
b0493	3	0	0	0
b0494	0	0	0	0
b0495	1	1	0	0
b0496	2	1	0	0
b0497	1	1	1	0
b0498	0	0	0	0
b0499	0	0	0	0
b0501	0	0	0	0
b0502	0	0	0	0
b0503	0	0	0	0
b0504	0	0	0	0
b0505	0	0	0	0
b0506	11	1	2	2
b0507	1	0	0	0
b0508	0	0	0	0
b0509	0	0	0	0
b0511	0	0	0	0
b0512	0	0	0	0
b0513	0	0	0	0
b0514	0	0	0	0
b0515	0	0	1	0
b0516	1	0	0	0
b0517	0	0	0	0
b0518	0	0	0	0
b0520	0	0	6	0
b0521	0	0	1	0
b0522	22	5	29	3
b0523	4	0	3	2
b0524	1	1	3	1
b0525	22	8	78	31
b0526	14	5	55	14
b0527	0	0	2	0
b0528	2	1	15	2
b0529	18	7	50	18
b0530	0	0	0	0
b0531	0	0	0	0
b0532	0	0	1	0
b0533	0	1	0	0
b0534	0	1	2	0
b0535	0	0	0	0
b0537	0	0	0	0
b0539	0	0	0	0
b0540	0	0	0	0
b0541	1	0	0	0
b0542	1	0	0	0
b0543	0	0	0	0
b0544	0	0	0	0
b0545	0	0	0	0
b0546	0	0	0	0
b0547	0	0	0	0
b0548	0	0	0	0
b0549	0	0	0	0
b0550	0	0	0	0
b0551	0	0	0	0
b0552	1	0	0	0
b0553	0	0	0	0
b0554	0	0	0	1
b0555	0	0	0	0
b0556	0	0	0	0
b0557	1	0	0	0
b0558	0	0	0	0
b0559	0	0	0	0
b0560	0	0	0	0
b0561	1	0	0	0
b0562	0	0	0	0
b0563	0	0	0	0
b0564	0	0	0	0
b0565	9	3	8	4
b0566	0	0	0	0
b0567	0	0	0	0
b0568	0	0	3	2
b0569	0	0	1	0
b0570	0	0	3	1
b0571	6	5	25	7
b0572	0	0	0	0
b0573	0	0	0	0
b0574	0	0	1	1
b0575	0	0	2	0
b0576	4	1	13	3
b0577	1	1	1	0
b0578	3	0	0	0
b0579	0	0	0	0
b0580	0	0	1	0
b0581	0	0	0	0
b0582	1	0	1	0
b0583	2	0	0	0
b0584	43	14	171	51
b0585	2	1	15	6
b0586	23	9	53	18
b0587	0	0	0	0
b0588	0	0	1	1
b0589	0	1	1	1
b0590	5	3	7	1
b0591	27	9	78	26
b0592	7	4	44	23
b0593	13	9	58	14
b0594	6	3	31	10
b0595	8	2	32	9
b0596	6	0	24	8
b0597	0	0	8	4
b0598	4	2	14	5
b0599	2	0	4	2
b0600	0	1	6	1
b0601	0	0	0	0
b0602	0	0	0	0
b0603	0	0	0	0
b0604	0	0	1	1
b0605	41	14	124	51
b0606	11	2	47	10
b0607	1	0	16	10
b0608	1	0	0	0
b0610	4	1	4	4
b0611	1	0	7	0
b0612	0	0	0	0
b0613	0	0	0	0
b0614	0	0	0	0
b0615	0	0	1	0
b0616	0	0	0	0
b0617	0	0	0	0
b0618	0	0	0	0
b0619	1	0	1	0
b0620	1	0	1	0
b0621	0	0	0	0
b0622	0	0	0	0
b0623	11	8	17	5
b0624	0	1	7	1
b0627	10	2	60	43
b0628	21	5	78	20
b0629	0	0	0	0
b0630	2	1	5	1
b0631	3	1	25	2
b0632	2	1	32	13
b0633	4	0	13	4
b0634	1	1	9	2
b0635	0	0	3	1
b0636	10	2	20	11
b0637	11	4	57	17
b0638	0	0	0	0
b0639	0	0	1	0
b0640	1	0	9	0
b0641	40	13	64	33
b0642	88	24	200	58
b0643	4	1	4	0
b0644	0	0	0	0
b0645	0	0	0	0
b0646	0	0	0	0
b0647	0	0	0	0
b0648	0	0	0	0
b0649	0	0	0	0
b0650	0	0	0	0
b0651	1	0	1	0
b0652	2	0	1	1
b0653	0	0	2	0
b0654	0	0	2	0
b0655	4	1	9	3
b0656	0	1	0	0
b0657	3	0	8	3
b0658	5	0	9	3
b0659	2	0	2	0
b0660	2	0	4	2
b0661	33	15	143	49
b0662	3	2	19	5
b0674	9	3	171	41
b0675	7	2	29	4
b0676	0	1	3	3
b0677	2	2	6	1
b0678	3	0	3	0
b0679	3	3	12	2
b0680	9	5	52	12
b0681	0	0	0	0
b0682	0	0	2	0
b0683	11	4	46	15
b0684	11	8	73	11
b0685	2	0	4	1
b0686	2	2	18	5
b0687	3	1	14	2
b0688	8	2	22	8
b0689	0	0	0	0
b0691	0	0	0	0
b0692	1	0	2	0
b0693	0	0	0	0
b0694	0	0	1	0
b0695	6	2	10	5
b0696	0	1	5	1
b0697	1	1	0	2
b0698	0	0	1	1
b0699	13	3	8	3
b0700	1	1	0	0
b0702	0	0	0	0
b0703	0	0	0	0
b0704	0	0	0	0
b0705	0	0	1	0
b0706	0	0	0	0
b0707	0	0	0	0
b0708	1	1	0	0
b0709	0	0	1	0
b0710	5	3	31	11
b0711	7	0	16	7
b0712	3	2	22	7
b0713	1	2	11	1
b0714	0	0	1	0
b0715	0	0	0	0
b0716	0	0	0	0
b0717	0	0	0	0
b0718	0	0	0	0
b0719	0	0	0	0
b0720	31	4	85	27
b0721	0	1	26	5
b0722	0	1	6	5
b0723	4	1	14	5
b0724	2	0	6	2
b0726	8	1	36	11
b0727	9	2	43	13
b0728	4	2	20	3
b0729	2	0	17	2
b0730	0	0	0	0
b0731	0	0	0	0
b0732	0	1	0	0
b0733	26	4	60	20
b0734	9	5	28	12
b0735	0	0	5	1
b0736	4	3	10	4
b0737	5	1	22	5
b0738	1	1	14	3
b0739	4	1	8	2
b0740	54	12	248	89
b0741	22	10	127	33
b0742	4	1	26	7
b0750	1	0	7	1
b0751	1	0	13	11
b0752	0	2	1	0
b0753	0	0	1	0
b0754	19	8	88	21
b0755	148	40	669	178
b0756	9	2	36	11
b0757	10	1	7	6
b0758	0	0	0	0
b0759	4	0	5	1
b0760	1	1	3	2
b0761	2	0	3	0
b0762	0	0	9	1
b0763	3	1	5	1
b0764	1	0	2	0
b0765	0	1	1	0
b0766	3	0	7	4
b0767	6	1	9	2
b0768	0	0	0	0
b0769	0	0	0	0
b0770	0	0	0	0
b0771	0	0	0	0
b0772	2	0	13	7
b0773	0	0	4	2
b0774	10	5	13	6
b0775	5	0	22	8
b0776	1	0	5	2
b0777	1	0	10	4
b0778	2	2	8	0
b0779	3	1	20	10
b0780	2	1	6	5
b0781	0	1	10	3
b0782	0	0	7	3
b0783	2	2	6	2
b0784	1	0	6	2
b0785	1	1	1	0
b0786	4	2	0	1
b0787	0	0	0	0
b0788	0	0	0	0
b0789	0	0	1	0
b0790	0	1	1	0
b0791	0	1	1	1
b0792	0	0	0	0
b0793	0	0	0	0
b0794	1	0	0	0
b0795	0	0	0	0
b0796	1	0	0	0
b0797	6	2	0	0
b0798	0	0	0	0
b0799	0	0	0	0
b0800	6	0	0	0
b0801	4	2	0	2
b0802	1	2	0	0
b0803	0	0	0	0
b0804	0	0	0	0
b0805	5	3	2	0
b0806	0	0	0	0
b0807	2	0	0	0
b0808	0	1	0	0
b0809	6	0	0	0
b0810	4	2	0	1
b0811	9	0	5	1
b0812	11	4	4	1
b0813	0	1	0	0
b0814	66	19	52	14
b0815	1	0	0	0
b0817	3	1	2	0
b0818	5	0	1	0
b0819	24	14	8	5
b0820	10	1	3	1
b0821	0	2	0	0
b0822	4	1	1	0
b0823	0	1	0	1
b0824	0	0	0	0
b0825	0	1	0	2
b0826	3	0	2	1
b0827	7	1	4	1
b0828	4	4	0	0
b0829	2	0	0	1
b0830	1	0	0	0
b0831	0	1	0	0
b0832	0	0	1	1
b0833	0	0	0	0
b0834	0	0	0	0
b0835	3	4	2	0
b0836	1	0	1	0
b0837	0	1	0	0
b0838	12	4	2	2
b0839	7	0	5	1
b0840	2	1	1	0
b0841	3	1	9	1
b0842	1	0	6	3
b0843	0	0	0	0
b0844	0	0	2	0
b0845	1	0	3	2
b0846	0	0	1	0
b0847	7	1	12	3
b0848	0	0	0	0
b0849	1	2	2	0
b0850	0	1	1	1
b0851	0	0	5	1
b0852	2	0	6	3
b0853	4	1	8	1
b0854	9	2	18	7
b0855	0	0	0	0
b0856	0	0	2	0
b0857	0	0	0	3
b0858	1	0	2	0
b0859	1	3	5	0
b0860	0	0	3	1
b0861	3	0	7	3
b0862	0	1	3	0
b0863	5	4	22	5
b0864	2	2	18	3
b0865	0	0	0	0
b0866	1	1	6	2
b0867	1	0	1	2
b0868	0	1	14	3
b0869	0	0	2	2
b0870	1	1	18	6
b0871	0	5	4	1
b0872	0	0	1	1
b0873	0	0	4	0
b0874	2	0	10	2
b0875	3	0	3	1
b0876	2	1	2	1
b0877	0	0	26	6
b0878	2	0	2	5
b0879	3	0	6	5
b0880	5	1	32	4
b0881	0	0	12	0
b0882	78	30	336	75
b0884	60	33	145	60
b0885	2	0	3	2
b0886	0	0	1	1
b0887	1	2	6	2
b0888	8	3	44	22
b0889	4	0	22	10
b0890	3	3	12	4
b0891	2	2	5	2
b0892	0	0	2	1
b0893	24	6	86	24
b0894	0	0	0	0
b0895	0	1	1	1
b0896	0	2	2	0
b0897	2	1	1	0
b0898	7	2	39	16
b0899	0	0	0	0
b0900	0	0	1	1
b0901	1	0	0	0
b0902	1	0	10	2
b0903	79	17	137	45
b0904	1	3	2	1
b0905	6	2	4	3
b0906	1	0	0	1
b0907	27	12	91	28
b0908	1	1	12	3
b0909	0	0	0	0
b0910	14	3	44	20
b0911	580	177	1784	623
b0912	9	5	32	10
b0913	0	0	1	0
b0914	19	3	47	18
b0915	0	0	3	2
b0916	0	1	1	0
b0917	4	0	9	2
b0918	6	5	20	8
b0919	1	0	5	1
b0920	1	0	4	0
b0921	3	0	9	3
b0922	5	2	17	5
b0923	5	0	4	1
b0924	13	4	35	13
b0925	1	0	3	2
b0926	3	6	29	4
b0927	8	2	40	13
b0928	34	11	143	42
b0929	68	25	476	125
b0930	55	16	111	30
b0931	18	7	72	16
b0932	10	3	37	13
b0933	0	0	0	1
b0934	0	0	0	0
b0935	0	0	0	0
b0936	0	0	1	0
b0937	0	0	0	0
b0938	0	0	0	0
b0939	0	0	0	0
b0940	0	0	0	0
b0941	0	0	0	0
b0942	0	0	0	0
b0943	0	0	0	0
b0944	0	0	0	0
b0945	0	0	1	0
b0946	2	1	9	1
b0947	2	0	5	1
b0948	15	2	74	19
b0949	0	0	7	1
b0950	2	0	5	0
b0951	4	0	2	0
b0952	1	0	4	1
b0953	18	12	188	60
b0954	16	9	129	37
b0955	4	0	8	2
b0956	2	2	21	6
b0957	1132	309	1593	647
b0958	2	0	10	4
b0959	0	0	1	1
b0960	1	1	9	2
b0961	4	2	11	8
b0962	4	1	18	6
b0963	4	2	16	4
b0964	0	0	0	0
b0965	1	0	2	5
b0966	1	1	14	8
b0967	9	5	36	12
b0968	0	0	0	0
b0969	0	0	5	0
b0970	13	8	41	8
b0972	0	0	0	0
b0973	0	0	0	0
b0974	0	0	0	0
b0975	1	0	0	0
b0976	0	0	0	0
b0977	0	0	0	0
b0978	0	0	2	0
b0979	0	0	2	0
b0980	0	0	0	0
b0981	0	0	0	0
b0982	0	0	0	0
b0983	2	0	0	0
b0984	0	0	0	0
b0985	0	0	0	0
b0986	0	0	0	0
b0987	1	1	1	0
b0988	0	0	0	0
b0989	0	0	0	0
b0990	20	5	12	1
b0991	0	0	4	1
b0992	1	0	1	0
b0993	0	0	1	0
b0994	0	0	0	0
b0995	2	0	0	0
b0996	0	0	0	0
b0997	0	0	0	0
b0998	0	0	0	0
b0999	1	0	0	0
b1000	1	0	0	1
b1001	0	0	0	0
b1002	0	2	1	0
b1003	2	2	2	0
b1004	7	1	4	1
b1006	1	0	0	0
b1007	0	0	0	0
b1008	0	0	0	0
b1009	0	0	0	0
b1010	0	0	0	0
b1011	0	0	0	0
b1012	0	0	0	0
b1013	0	0	0	0
b1014	1	1	0	0
b1015	12	3	2	0
b1018	7	3	9	1
b1019	0	2	2	0
b1020	1	1	1	0
b1021	0	0	0	0
b1022	0	0	0	0
b1023	0	0	0	0
b1024	0	0	0	0
b1025	0	0	0	0
b1026	2	0	0	0
b1027	0	0	0	0
b1028	0	0	0	0
b1029	0	0	0	0
b1033	1	1	3	1
b1034	0	0	1	0
b1035	1	1	1	0
b1036	12	7	7	2
b1037	2	0	0	0
b1038	0	0	0	0
b1039	0	0	0	0
b1040	0	0	1	0
b1041	0	0	0	0
b1042	0	0	0	0
b1043	0	0	0	0
b1044	0	0	0	0
b1045	3	0	0	0
b1046	1	1	0	0
b1047	0	0	0	0
b1048	6	0	0	2
b1049	7	1	0	0
b1050	0	0	0	0
b1051	0	0	1	0
b1053	0	0	0	0
b1054	3	0	7	2
b1055	15	1	35	7
b1056	0	0	2	0
b1057	0	0	3	2
b1058	0	0	0	0
b1059	2	0	4	2
b1060	2	0	2	2
b1061	0	0	0	1
b1062	3	4	28	3
b1063	2	1	11	2
b1064	6	1	25	4
b1065	0	0	3	2
b1066	0	3	3	1
b1067	2	0	10	5
b1068	3	1	12	4
b1069	1	1	21	7
b1070	0	0	0	0
b1071	1	0	0	0
b1072	3	0	0	0
b1073	0	0	0	0
b1074	0	0	0	0
b1075	0	0	0	0
b1076	0	0	1	0
b1077	0	0	0	0
b1078	0	0	0	0
b1079	0	0	0	0
b1080	0	0	0	0
b1081	0	0	0	0
b1082	0	0	0	1
b1083	1	0	0	0
b1084	19	3	67	17
b1085	0	0	0	0
b1086	2	0	5	1
b1087	2	0	13	2
b1088	281	88	465	187
b1089	26	6	134	22
b1090	40	10	51	32
b1091	23	4	53	15
b1092	26	5	64	23
b1093	14	15	67	14
b1094	62	20	254	96
b1095	46	14	143	36
b1096	0	0	4	2
b1097	7	2	13	7
b1098	3	2	8	1
b1099	1	1	4	3
b1100	1	0	0	0
b1101	13	4	56	20
b1102	11	4	39	19
b1103	3	3	19	8
b1104	3	0	9	2
b1105	0	0	9	3
b1106	2	0	1	2
b1107	4	2	17	11
b1108	1	1	8	1
b1109	30	12	105	49
b1110	7	2	40	5
b1111	2	2	3	2
b1112	2	0	2	0
b1113	1	0	0	0
b1114	4	2	11	6
b1115	0	0	0	0
b1116	1	2	4	1
b1117	1	1	5	2
b1118	3	0	6	0
b1119	2	0	10	0
b1120	3	0	6	2
b1121	0	0	0	0
b1122	0	0	0	0
b1123	2	0	7	2
b1124	0	1	1	1
b1125	1	0	2	1
b1126	6	1	15	2
b1127	3	1	9	5
b1128	19	8	59	23
b1129	0	2	5	0
b1130	4	2	12	2
b1131	1	1	14	4
b1132	2	1	5	2
b1133	14	7	61	16
b1134	0	0	0	0
b1135	0	0	1	0
b1136	66	21	237	57
b1137	0	0	0	0
b1138	0	0	0	0
b1139	0	0	0	0
b1140	0	0	0	0
b1141	0	0	0	0
b1142	0	0	1	0
b1143	0	0	0	0
b1144	0	0	0	0
b1145	0	0	1	0
b1146	0	0	0	0
b1147	0	0	0	0
b1148	0	0	0	0
b1149	0	0	0	0
b1150	0	0	0	0
b1151	0	0	0	0
b1152	0	0	0	0
b1153	0	0	0	0
b1154	0	0	0	0
b1155	0	0	0	0
b1156	1	0	0	0
b1157	0	0	0	0
b1158	0	0	0	0
b1159	0	0	0	0
b1160	0	0	0	0
b1161	0	0	0	0
b1162	7	2	1	0
b1163	2	0	0	0
b1164	0	1	0	0
b1165	0	0	0	0
b1166	0	0	0	0
b1167	0	0	0	0
b1168	0	0	0	0
b1171	0	0	0	0
b1172	1	0	1	1
b1174	2	0	5	3
b1175	5	4	28	7
b1176	4	0	16	4
b1177	0	0	3	2
b1178	0	0	0	1
b1179	1	0	12	1
b1180	8	2	23	4
b1181	2	0	7	1
b1182	0	0	0	0
b1183	0	0	1	0
b1184	0	0	2	1
b1185	10	6	48	23
b1186	8	6	11	6
b1187	8	2	26	8
b1188	1	1	1	0
b1189	40	7	67	40
b1190	11	3	21	9
b1191	4	1	2	1
b1192	2	0	12	4
b1193	2	3	20	5
b1194	0	0	0	0
b1195	2	0	0	0
b1196	0	0	0	0
b1197	0	0	1	0
b1198	0	1	3	0
b1199	0	0	1	1
b1200	7	1	13	1
b1201	0	0	1	0
b1202	1	1	4	0
b1203	17	3	81	9
b1204	6	1	20	7
b1205	9	2	1	1
b1206	0	2	9	3
b1207	35	10	203	49
b1208	54	28	108	92
b1209	0	0	2	3
b1210	9	0	42	12
b1211	0	0	4	0
b1212	0	0	5	0
b1213	0	0	2	0
b1214	2	1	22	5
b1215	15	3	45	10
b1216	0	0	2	0
b1217	1	0	0	0
b1218	2	1	3	1
b1219	6	2	12	6
b1220	0	2	1	0
b1221	0	1	5	0
b1222	2	1	14	6
b1223	0	0	2	0
b1224	0	0	2	0
b1225	2	0	2	0
b1226	1	1	1	3
b1227	0	0	1	0
b1228	0	0	0	0
b1229	0	0	0	1
b1232	2	1	4	0
b1233	2	1	3	1
b1234	0	0	4	3
b1235	0	0	4	0
b1236	1	4	21	6
b1237	28	10	158	19
b1238	1	0	1	0
b1241	31	24	62	27
b1242	2	0	4	1
b1243	35	16	122	41
b1244	0	0	3	0
b1245	1	2	5	0
b1246	0	1	8	0
b1247	3	1	9	2
b1248	3	0	18	8
b1249	5	1	13	6
b1250	1	0	0	0
b1251	8	2	30	8
b1252	10	1	26	10
b1253	0	0	4	0
b1254	8	2	22	3
b1255	3	2	20	8
b1256	0	0	0	0
b1257	0	0	1	0
b1258	0	0	0	0
b1259	0	0	1	0
b1260	13	7	46	11
b1261	34	13	70	18
b1262	34	14	59	10
b1263	19	9	33	11
b1264	32	21	47	15
b1265	1	1	1	0
b1266	2	0	6	0
b1267	2	1	17	3
b1268	0	0	11	1
b1269	31	4	52	13
b1270	0	0	0	0
b1271	1	0	8	3
b1272	7	5	38	6
b1273	0	1	0	0
b1274	20	7	12	7
b1275	0	0	8	0
b1276	3	0	6	3
b1277	4	2	32	7
b1278	3	0	5	0
b1279	10	1	17	8
b1280	4	0	11	2
b1281	7	2	49	25
b1282	3	0	8	2
b1283	2	0	8	2
b1284	0	0	5	0
b1285	0	0	2	0
b1286	15	2	51	13
b1287	1	2	15	4
b1288	22	5	62	28
b1289	0	0	0	0
b1290	0	0	1	0
b1291	0	0	1	0
b1292	1	1	3	2
b1293	0	0	0	0
b1294	1	0	2	2
b1295	0	1	1	0
b1296	2	0	2	0
b1297	2	0	8	5
b1298	0	0	8	1
b1299	0	0	4	2
b1300	0	0	1	1
b1301	0	0	2	2
b1302	0	0	2	1
b1303	0	0	1	0
b1304	2	2	25	2
b1305	0	3	1	2
b1306	0	2	9	1
b1307	1	0	2	0
b1308	0	1	4	0
b1309	0	0	0	0
b1310	0	0	0	0
b1311	0	0	0	0
b1312	0	0	0	0
b1313	0	0	0	1
b1314	0	0	0	0
b1315	0	0	0	0
b1316	0	0	0	0
b1317	0	0	0	0
b1318	0	0	0	0
b1319	0	0	1	0
b1320	0	1	0	0
b1321	0	1	3	2
b1322	0	1	3	0
b1323	3	2	17	3
b1324	19	4	62	15
b1325	3	1	1	0
b1326	0	1	0	0
b1327	1	0	0	0
b1328	0	0	0	0
b1329	2	1	1	0
b1330	0	0	0	0
b1331	4	0	0	0
b1332	5	1	5	0
b1333	8	1	7	0
b1334	18	6	63	8
b1335	1	1	1	0
b1336	0	0	1	0
b1337	0	0	0	0
b1338	0	0	0	0
b1339	0	0	0	0
b1340	1	0	0	0
b1341	1	0	1	0
b1342	2	0	1	0
b1343	5	0	0	0
b1344	11	1	3	0
b1345	2	0	0	0
b1346	0	0	0	0
b1347	0	0	0	0
b1348	0	0	0	0
b1349	0	0	0	0
b1350	0	0	0	0
b1351	0	0	0	0
b1352	0	0	0	0
b1353	0	0	0	0
b1355	0	0	0	0
b1356	3	0	1	0
b1357	0	0	0	0
b1358	0	0	0	0
b1359	0	0	0	0
b1360	0	0	0	0
b1361	0	0	0	0
b1362	1	0	0	0
b1363	0	0	0	0
b1365	0	0	0	0
b1366	0	0	0	0
b1368	0	0	0	0
b1370	1	0	1	0
b1372	0	0	0	0
b1373	1	0	0	0
b1374	1	0	0	0
b1375	0	0	0	0
b1376	0	0	0	0
b1377	0	0	0	0
b1378	0	2	0	0
b1379	0	2	0	0
b1380	9	5	7	8
b1381	1	0	0	0
b1382	0	0	0	0
b1383	0	0	0	0
b1384	0	0	0	0
b1385	2	0	2	1
b1386	0	0	0	0
b1387	0	0	0	0
b1388	0	0	0	0
b1389	0	0	0	0
b1390	0	0	0	0
b1391	0	0	0	0
b1392	0	0	0	0
b1393	0	0	0	0
b1394	0	0	0	0
b1395	0	0	0	0
b1396	0	0	0	0
b1397	0	0	0	0
b1398	0	0	0	0
b1399	1	1	0	0
b1400	0	1	0	0
b1402	0	0	0	0
b1403	0	0	0	0
b1404	0	0	0	0
b1406	1	0	0	0
b1407	0	0	0	0
b1408	0	0	0	0
b1409	0	0	0	0
b1410	0	1	0	0
b1411	1	0	0	0
b1412	3	3	9	5
b1413	6	2	16	5
b1414	2	0	12	1
b1415	2	0	14	2
b1418	1	1	11	2
b1419	0	0	1	0
b1420	1	0	2	2
b1421	1	0	0	0
b1422	4	5	16	8
b1423	0	0	2	0
b1424	0	1	7	1
b1426	1	1	0	0
b1427	0	0	2	0
b1428	0	0	1	0
b1429	0	1	14	8
b1430	0	0	3	2
b1431	2	0	0	0
b1432	5	4	5	5
b1433	0	0	1	0
b1434	0	2	0	0
b1435	0	1	20	4
b1436	0	0	2	1
b1438	0	0	2	1
b1439	0	0	0	0
b1440	0	0	0	0
b1441	0	0	0	0
b1442	1	0	0	0
b1443	1	0	0	0
b1444	1	1	0	0
b1445	1	0	0	0
b1446	1	0	2	0
b1447	1	0	0	0
b1448	1	2	1	0
b1449	3	0	4	0
b1450	0	0	0	0
b1451	0	0	1	0
b1452	43	12	14	4
b1453	0	0	0	0
b1454	0	0	0	0
b1455	0	0	0	0
b1456	1	0	0	0
b1457	0	0	0	0
b1459	0	0	0	0
b1460	1	0	0	0
b1461	0	0	0	0
b1462	0	0	0	0
b1463	0	2	0	0
b1464	1	1	0	1
b1465	0	0	0	0
b1466	0	0	0	0
b1467	0	0	0	0
b1468	1	0	0	0
b1469	0	0	0	0
b1470	0	0	0	0
b1471	0	0	0	0
b1472	0	0	0	0
b1473	0	0	0	0
b1474	0	0	1	0
b1475	0	0	0	0
b1476	1	1	1	0
b1477	0	0	0	0
b1478	3	3	2	0
b1479	0	1	2	1
b1480	0	3	8	1
b1481	0	0	0	0
b1482	6	1	6	1
b1483	0	0	1	0
b1484	0	0	0	0
b1485	0	0	0	0
b1486	0	0	0	0
b1487	0	0	1	0
b1488	0	0	0	0
b1489	0	0	0	0
b1490	1	0	2	0
b1491	1	1	8	1
b1492	3	0	3	1
b1493	2	1	4	0
b1494	0	1	1	1
b1495	0	0	2	0
b1496	0	0	0	0
b1497	0	0	0	0
b1498	0	0	0	1
b1499	0	0	0	0
b1500	0	0	0	0
b1501	0	0	1	0
b1502	0	0	0	0
b1503	0	0	0	0
b1504	0	0	0	0
b1505	0	0	0	0
b1506	0	0	0	0
b1507	1	0	0	0
b1508	0	0	0	0
b1511	1	0	2	1
b1512	0	0	3	2
b1513	0	0	0	0
b1514	0	0	0	0
b1515	0	0	0	0
b1516	0	0	0	0
b1517	0	0	0	0
b1518	0	0	0	0
b1519	2	0	2	0
b1520	0	0	1	1
b1521	0	0	16	4
b1522	2	1	4	2
b1523	0	0	0	0
b1524	2	0	4	3
b1525	0	2	2	4
b1526	0	0	3	0
b1527	0	0	0	0
b1528	6	1	4	3
b1529	3	0	5	3
b1530	1	0	1	0
b1531	0	1	6	0
b1532	0	0	0	0
b1533	3	0	3	1
b1534	1	0	0	1
b1535	0	1	11	2
b1536	0	0	0	0
b1537	0	0	1	0
b1538	2	0	13	5
b1539	5	2	4	0
b1540	1	0	1	0
b1541	0	0	0	0
b1542	1	0	0	1
b1543	0	0	0	0
b1544	0	0	0	1
b1545	0	0	0	0
b1546	0	0	0	0
b1547	0	0	0	0
b1548	0	0	0	0
b1549	0	0	0	0
b1550	0	0	0	0
b1551	0	0	0	0
b1552	3	0	1	0
b1553	0	0	0	0
b1554	0	0	0	0
b1555	0	0	0	0
b1556	0	0	0	0
b1557	24	4	12	4
b1558	0	0	0	0
b1559	0	0	0	0
b1560	0	0	0	0
b1561	2	0	0	0
b1562	6	0	0	1
b1563	6	1	1	0
b1564	4	1	0	0
b1565	0	0	0	0
b1566	0	0	0	0
b1567	0	0	0	0
b1568	0	0	0	0
b1569	0	0	0	0
b1570	2	1	2	0
b1571	0	0	0	0
b1572	0	0	0	0
b1573	0	0	0	0
b1575	0	0	0	0
b1576	0	0	0	0
b1577	0	0	0	0
b1578	1	0	0	0
b1579	0	0	0	0
b1580	1	0	25	16
b1581	1	0	60	17
b1582	0	0	1	0
b1583	4	1	11	0
b1584	2	0	11	3
b1585	1	0	3	2
b1586	0	0	0	0
b1587	0	0	0	0
b1588	0	0	0	0
b1589	0	0	0	0
b1590	0	0	5	1
b1591	0	0	11	3
b1592	0	0	0	1
b1593	0	0	6	0
b1594	0	0	2	1
b1595	1	1	1	0
b1596	1	0	5	0
b1597	0	0	0	0
b1598	1	2	7	0
b1599	0	0	0	0
b1600	0	0	1	0
b1601	0	0	1	1
b1602	24	9	47	21
b1603	10	8	73	17
b1604	12	5	46	11
b1605	3	4	6	2
b1606	0	0	1	0
b1607	0	0	4	3
b1608	1	2	6	4
b1609	0	0	0	2
b1610	0	1	1	0
b1611	0	0	0	1
b1612	3	1	17	2
b1613	1	0	3	0
b1614	3	1	23	4
b1615	0	0	0	0
b1616	0	0	0	0
b1617	0	0	0	0
b1618	3	0	2	0
b1619	2	1	5	0
b1620	1	3	3	4
b1621	1	1	0	0
b1622	3	0	4	1
b1623	1	1	2	0
b1624	2	2	9	2
b1625	0	1	2	3
b1626	5	2	11	3
b1627	10	1	21	7
b1628	6	0	10	4
b1629	0	2	3	2
b1630	0	0	1	1
b1631	0	0	0	0
b1632	1	0	2	2
b1633	0	0	0	0
b1634	4	3	11	3
b1635	8	3	28	10
b1636	1	0	0	0
b1637	16	6	60	20
b1638	0	0	5	0
b1639	2	0	5	0
b1640	2	2	19	7
b1641	34	13	86	38
b1642	0	1	20	4
b1643	0	0	0	0
b1644	0	0	0	0
b1645	0	0	0	0
b1646	0	0	1	0
b1647	3	3	8	1
b1648	0	0	0	0
b1649	0	0	0	0
b1650	1	0	2	2
b1651	3	2	9	1
b1652	1	0	4	1
b1653	2	0	0	0
b1654	13	2	46	17
b1655	0	0	1	0
b1656	2	0	15	4
b1657	8	3	11	8
b1658	20	7	81	21
b1659	0	1	2	1
b1660	1	0	2	0
b1661	5	3	31	10
b1662	6	2	7	3
b1663	19	6	46	16
b1664	6	1	17	3
b1667	1	1	10	12
b1668	0	1	0	1
b1669	0	0	1	0
b1670	0	0	1	0
b1671	0	0	1	0
b1672	0	0	0	0
b1673	0	0	0	0
b1674	0	0	0	0
b1675	0	1	2	0
b1676	12	5	30	15
b1677	122	35	670	140
b1678	2	4	1	0
b1679	0	0	1	0
b1680	7	2	3	1
b1681	5	4	9	1
b1682	1	0	2	2
b1683	17	3	12	4
b1684	24	9	16	10
b1685	3	3	4	1
b1686	1	0	2	0
b1687	3	7	16	5
b1688	5	5	20	10
b1689	0	0	0	0
b1690	0	0	0	0
b1691	0	0	0	0
b1692	1	0	2	0
b1693	0	0	3	0
b1694	0	0	0	0
b1695	0	0	0	0
b1696	0	0	1	0
b1697	0	0	1	0
b1698	0	0	1	0
b1699	0	0	1	0
b1700	0	0	0	0
b1701	0	0	0	0
b1702	12	9	68	15
b1703	0	0	3	1
b1704	6	3	9	1
b1705	1	1	5	1
b1706	19	3	15	4
b1707	0	0	1	1
b1708	2	0	9	4
b1709	2	0	1	0
b1710	0	2	5	0
b1711	1	0	10	1
b1712	40	4	100	35
b1713	45	24	96	29
b1714	13	7	39	12
b1715	2	1	1	4
b1716	33	11	246	25
b1717	2	4	44	8
b1718	32	9	230	20
b1719	32	11	187	56
b1722	2	0	11	0
b1723	3	0	10	2
b1724	1	0	1	2
b1725	1	0	2	0
b1726	1	1	8	2
b1727	0	0	8	4
b1728	0	0	0	0
b1729	18	13	73	31
b1730	0	0	1	0
b1731	1	1	1	2
b1732	6	4	2	0
b1733	1	1	7	1
b1734	1	0	2	0
b1735	0	0	1	0
b1736	1	0	3	1
b1737	0	0	0	0
b1738	0	1	2	0
b1739	11	0	13	4
b1740	4	4	7	6
b1741	0	0	3	1
b1742	0	0	1	0
b1743	0	0	0	1
b1744	0	0	2	0
b1745	0	0	0	0
b1746	4	0	4	1
b1747	1	0	0	0
b1748	4	0	6	5
b1749	3	0	10	4
b1750	0	0	0	0
b1751	0	0	0	0
b1752	0	0	2	0
b1753	1	0	1	0
b1754	0	0	3	2
b1755	0	0	0	0
b1756	1	0	0	0
b1757	0	1	1	0
b1758	0	1	3	0
b1759	0	0	1	0
b1760	0	0	0	0
b1761	11	5	43	14
b1762	0	0	0	0
b1763	1	1	0	0
b1764	3	2	11	3
b1765	1	1	4	4
b1766	2	3	20	4
b1767	0	0	7	1
b1768	1	0	2	0
b1769	0	0	0	1
b1770	0	1	1	0
b1771	0	0	3	0
b1772	0	0	0	0
b1773	0	0	0	0
b1774	0	0	0	0
b1775	0	0	0	0
b1776	0	0	0	0
b1777	3	1	9	3
b1778	8	1	47	9
b1779	94	28	378	99
b1780	0	0	0	1
b1781	1	0	4	0
b1782	23	9	72	18
b1783	11	4	2	0
b1784	1	0	0	0
b1785	0	0	0	0
b1786	2	0	1	1
b1787	1	0	11	3
b1788	0	0	0	0
b1789	0	1	3	0
b1790	0	0	1	0
b1791	1	0	1	0
b1792	3	1	3	2
b1793	0	0	0	1
b1794	2	5	10	3
b1795	6	2	2	1
b1796	0	2	3	2
b1797	1	1	5	3
b1798	0	0	0	0
b1799	0	0	0	1
b1800	0	0	2	2
b1801	0	0	0	0
b1802	0	0	0	0
b1803	0	0	0	0
b1804	5	1	18	8
b1805	2	1	1	5
b1806	2	2	15	3
b1807	4	0	10	3
b1808	0	0	4	4
b1809	3	0	7	5
b1810	1	0	1	1
b1811	0	0	4	1
b1812	0	0	8	1
b1813	2	1	4	1
b1814	10	3	53	18
b1815	0	0	0	0
b1816	5	0	13	2
b1817	8	1	14	8
b1818	1	2	11	4
b1819	10	7	20	9
b1820	0	0	1	0
b1821	0	0	1	0
b1822	0	0	6	1
b1823	8	5	24	11
b1824	2	2	17	2
b1825	3	0	19	2
b1826	1	1	1	0
b1827	5	3	17	7
b1828	0	0	0	0
b1829	14	5	89	27
b1830	15	5	55	21
b1831	18	5	85	29
b1832	3	1	11	0
b1833	0	0	5	0
b1834	2	2	6	0
b1835	0	0	2	1
b1836	2	0	1	0
b1837	1	1	1	0
b1838	0	0	1	0
b1839	0	0	2	1
b1840	3	0	10	2
b1841	0	1	11	3
b1842	0	0	10	2
b1843	0	0	1	1
b1844	6	3	14	3
b1845	0	1	0	0
b1846	0	0	5	2
b1847	7	5	16	3
b1848	8	5	11	1
b1849	9	5	26	7
b1850	7	4	34	7
b1851	10	3	19	12
b1852	7	6	37	9
b1853	1	0	6	1
b1854	6	4	31	7
b1855	2	1	7	4
b1856	2	0	8	5
b1857	2	1	11	1
b1858	5	2	9	1
b1859	3	1	3	0
b1860	4	1	8	5
b1861	7	2	12	8
b1862	0	0	0	0
b1863	4	3	9	2
b1864	6	2	13	4
b1865	5	3	7	1
b1866	49	10	100	37
b1867	2	0	3	1
b1868	0	0	1	0
b1869	0	1	3	3
b1870	2	1	5	4
b1871	3	2	7	2
b1872	1	0	2	1
b1873	0	0	0	0
b1874	3	1	10	0
b1875	10	0	12	5
b1876	48	4	128	34
b1877	0	0	0	0
b1878	0	0	0	0
b1879	0	1	0	0
b1880	1	0	0	0
b1881	0	0	0	0
b1882	0	0	0	0
b1883	0	0	0	0
b1884	0	0	0	0
b1885	0	0	0	0
b1886	0	0	0	0
b1887	0	0	0	0
b1888	0	0	0	0
b1889	0	0	0	0
b1890	0	0	0	0
b1891	0	0	0	0
b1892	0	1	0	0
b1893	1	0	0	0
b1894	1	0	0	0
b1895	0	0	0	0
b1896	2	0	5	5
b1897	1	0	1	2
b1900	0	0	0	0
b1901	0	0	0	0
b1902	0	0	2	0
b1904	0	0	0	0
b1905	1	0	3	1
b1906	0	0	0	0
b1907	0	0	2	2
b1908	4	2	36	16
b1912	0	0	6	4
b1913	0	1	3	0
b1914	2	0	16	0
b1915	0	0	4	1
b1916	1	0	1	1
b1917	0	2	4	0
b1918	1	0	0	0
b1919	2	2	2	1
b1920	11	4	4	0
b1921	0	0	0	0
b1922	0	0	0	0
b1923	1	1	0	1
b1924	0	0	0	0
b1925	0	0	0	0
b1926	0	0	0	0
b1927	2	1	0	1
b1928	6	6	3	0
b1929	4	3	1	1
b1930	0	0	0	0
b1931	0	0	0	0
b1932	0	0	0	0
b1936	0	0	0	0
b1937	0	0	0	0
b1938	0	0	0	0
b1939	0	0	0	0
b1940	0	0	0	0
b1941	0	0	0	0
b1942	0	0	0	0
b1943	0	0	0	0
b1944	0	0	0	0
b1945	0	0	1	0
b1946	0	0	0	0
b1947	0	0	0	0
b1948	0	0	0	0
b1949	0	0	0	0
b1950	0	0	0	0
b1951	0	0	23	1
b1952	0	2	2	2
b1953	0	1	1	0
b1955	0	0	0	0
b1956	0	0	0	0
b1957	1	2	0	0
b1958	2	2	10	5
b1959	0	0	0	0
b1960	1	0	1	0
b1961	0	2	6	0
b1962	1	2	12	6
b1963	2	0	3	2
b1967	3	0	11	3
b1968	0	0	0	0
b1969	0	0	1	0
b1970	0	0	0	0
b1971	0	1	6	1
b1972	1	0	3	1
b1973	0	0	0	0
b1974	0	0	0	0
b1976	2	2	12	2
b1978	0	0	5	0
b1981	17	6	20	14
b1982	3	0	13	3
b1983	0	0	5	0
b1985	0	0	1	0
b1987	1	0	4	5
b1988	0	0	0	0
b1990	1	0	4	0
b1991	1	1	8	4
b1992	3	1	15	10
b1993	1	0	8	2
b1994	1	0	0	0
b1996	0	0	0	0
b1997	0	0	0	0
b1999	1	0	0	0
b2000	3	1	0	0
b2001	0	0	0	0
b2002	0	0	0	0
b2003	0	0	0	0
b2004	0	0	0	0
b2005	0	0	0	0
b2006	0	0	0	0
b2007	5	3	4	1
b2008	1	0	1	0
b2009	0	1	2	0
b2010	3	0	3	1
b2011	0	0	0	0
b2012	2	0	9	5
b2013	8	6	47	14
b2014	15	2	41	10
b2015	0	1	4	3
b2016	5	3	28	11
b2017	2	0	16	2
b2018	0	0	1	0
b2019	8	3	24	7
b2020	10	7	29	9
b2021	1	2	8	3
b2022	4	0	14	3
b2023	5	1	4	4
b2024	3	2	10	1
b2025	3	0	1	0
b2026	2	0	4	1
b2027	12	2	77	26
b2028	1	0	15	2
b2029	20	2	59	15
b2030	0	1	0	0
b2032	0	1	0	0
b2033	1	0	3	0
b2034	4	2	1	0
b2035	2	0	0	0
b2036	1	0	5	2
b2037	1	0	1	0
b2038	1	1	1	0
b2039	2	1	2	0
b2040	5	5	1	1
b2041	7	1	4	1
b2042	14	7	4	3
b2043	0	0	1	0
b2044	0	0	0	0
b2045	0	0	0	0
b2046	0	0	0	0
b2047	0	0	0	0
b2048	0	0	0	0
b2049	0	0	0	0
b2050	0	0	0	0
b2051	0	0	0	0
b2052	0	0	0	0
b2053	1	0	0	0
b2054	0	0	0	0
b2055	0	0	0	0
b2056	0	0	0	0
b2057	0	0	0	0
b2058	0	0	0	0
b2059	0	0	0	0
b2060	0	0	0	0
b2061	0	0	0	0
b2062	0	0	0	0
b2063	2	0	6	0
b2064	5	2	13	2
b2065	9	3	21	19
b2066	0	0	4	0
b2067	1	1	1	0
b2068	1	1	3	1
b2069	18	7	14	6
b2070	0	1	0	0
b2071	0	0	0	0
b2072	0	0	1	0
b2073	0	0	3	1
b2074	0	0	1	1
b2075	0	0	1	1
b2076	0	0	0	0
b2077	1	0	1	0
b2078	0	1	0	0
b2079	2	1	5	5
b2080	0	0	2	0
b2081	9	4	1	2
b2082	0	0	0	0
b2083	0	0	0	0
b2085	0	0	0	0
b2086	0	1	0	0
b2088	0	0	0	0
b2089	0	0	0	0
b2091	1	2	1	0
b2092	4	0	3	0
b2093	0	0	1	0
b2094	0	1	0	0
b2095	3	1	4	0
b2096	28	14	11	5
b2097	12	6	2	2
b2098	0	0	0	0
b2099	0	0	1	0
b2100	1	0	1	0
b2101	0	0	1	0
b2102	1	0	4	1
b2103	11	2	38	19
b2104	6	0	27	15
b2105	0	0	1	1
b2106	0	0	4	1
b2107	0	0	4	2
b2108	0	0	0	0
b2109	0	0	1	0
b2110	0	0	0	0
b2111	0	0	0	0
b2112	0	0	0	0
b2113	8	2	42	7
b2114	9	7	41	13
b2115	0	0	1	1
b2118	0	0	0	0
b2119	0	0	0	0
b2120	0	0	0	0
b2121	0	0	0	0
b2122	0	0	0	0
b2123	0	0	0	0
b2124	2	0	1	0
b2125	0	2	0	0
b2126	0	0	0	1
b2127	0	0	0	0
b2128	0	0	0	0
b2129	0	0	0	0
b2130	1	0	0	0
b2131	4	2	1	0
b2132	4	3	2	1
b2133	7	1	0	0
b2134	1	0	0	0
b2135	2	3	0	0
b2136	1	1	0	0
b2137	2	0	1	0
b2139	0	0	0	0
b2140	4	3	2	0
b2141	1	0	0	0
b2142	4	1	0	0
b2143	9	2	0	0
b2144	2	0	0	0
b2145	2	0	0	0
b2146	0	0	0	0
b2147	0	0	0	0
b2148	0	0	1	0
b2149	0	0	0	0
b2150	0	0	1	2
b2151	4	1	1	0
b2152	2	0	4	1
b2153	8	1	19	9
b2154	0	0	3	1
b2155	111	36	282	63
b2156	14	4	16	5
b2157	3	2	7	3
b2158	6	2	29	11
b2159	2	0	7	3
b2160	0	0	1	0
b2161	1	0	0	0
b2162	0	0	0	0
b2163	0	0	0	0
b2164	0	0	3	0
b2165	0	0	0	0
b2166	0	0	1	0
b2167	2	0	5	2
b2168	0	0	3	0
b2169	5	2	4	2
b2170	0	1	4	0
b2171	7	1	20	5
b2172	1	1	8	1
b2173	0	2	2	2
b2174	1	0	3	0
b2175	9	4	23	3
b2176	0	0	2	1
b2177	0	0	3	0
b2178	0	0	0	0
b2179	0	0	0	0
b2180	1	0	0	0
b2181	12	2	46	19
b2182	0	0	3	2
b2183	7	2	19	6
b2184	1	0	3	1
b2185	70	22	341	62
b2186	14	6	46	9
b2187	1	2	3	2
b2188	3	3	5	4
b2190	2	0	0	0
b2192	2	0	0	0
b2193	1	1	18	4
b2194	0	1	1	1
b2195	0	0	1	0
b2196	0	0	0	0
b2197	0	0	2	0
b2198	0	0	1	1
b2199	2	0	4	3
b2200	0	0	1	1
b2201	0	0	3	0
b2202	0	0	3	0
b2203	0	0	0	0
b2204	0	0	0	0
b2205	0	0	1	1
b2206	0	0	1	0
b2207	0	0	1	0
b2208	0	0	0	0
b2209	1	1	5	2
b2210	19	7	44	19
b2211	6	1	33	4
b2212	0	0	1	0
b2213	0	0	1	0
b2214	0	1	3	1
b2215	91	27	298	73
b2216	4	3	17	2
b2217	11	3	42	14
b2218	1	1	7	2
b2219	0	0	1	0
b2220	0	0	0	0
b2221	0	0	0	0
b2222	0	0	0	0
b2223	0	0	0	0
b2224	1	0	0	0
b2225	0	0	0	0
b2226	0	0	0	0
b2229	0	0	0	0
b2230	0	0	0	0
b2231	52	15	182	50
b2232	2	1	10	3
b2233	2	0	7	1
b2234	13	1	18	5
b2235	6	0	17	8
b2236	0	0	1	1
b2237	3	0	0	0
b2238	0	0	0	0
b2239	1	0	9	2
b2240	1	0	5	2
b2241	0	0	0	0
b2242	0	0	2	0
b2243	0	0	1	0
b2244	1	0	11	1
b2245	0	0	2	0
b2246	0	0	1	0
b2247	0	0	0	0
b2248	0	0	0	0
b2249	7	1	16	7
b2250	1	0	9	1
b2251	0	0	0	0
b2252	0	0	0	0
b2253	0	0	0	0
b2254	0	0	0	0
b2255	2	0	1	0
b2256	0	1	1	0
b2257	0	1	1	0
b2258	0	0	0	0
b2259	1	0	2	1
b2260	0	0	0	0
b2261	2	2	11	3
b2262	6	0	13	6
b2263	0	0	0	0
b2264	0	1	1	0
b2265	0	0	5	2
b2266	6	4	8	4
b2267	0	0	3	0
b2268	0	0	4	0
b2269	0	0	0	0
b2270	0	0	0	0
b2271	0	0	0	0
b2272	0	0	0	0
b2273	0	0	0	0
b2274	0	0	0	0
b2275	0	0	0	0
b2276	3	0	13	5
b2277	2	2	8	5
b2278	3	1	14	3
b2279	0	0	1	1
b2280	3	0	5	3
b2281	1	1	3	1
b2282	1	0	5	0
b2283	0	0	9	2
b2284	2	0	3	2
b2285	0	0	2	1
b2286	2	0	6	2
b2287	1	0	1	2
b2288	6	1	9	3
b2289	8	2	26	7
b2290	1	1	2	1
b2291	0	0	1	0
b2292	0	0	9	2
b2293	9	3	22	6
b2294	1	1	20	2
b2295	5	1	7	1
b2296	20	8	80	19
b2297	9	2	76	32
b2298	0	0	1	0
b2299	7	1	25	5
b2300	3	2	30	3
b2301	0	1	1	2
b2302	0	0	0	1
b2303	1	0	10	2
b2304	10	2	50	17
b2305	0	1	2	2
b2306	0	0	2	0
b2307	2	1	2	0
b2308	3	0	2	1
b2309	4	2	22	5
b2310	4	2	27	5
b2311	1	1	8	2
b2312	12	3	58	20
b2313	70	17	197	65
b2314	10	5	23	11
b2315	6	1	16	6
b2316	56	19	254	67
b2317	9	1	24	5
b2318	5	1	41	5
b2319	9	3	25	11
b2320	9	2	39	13
b2321	0	0	1	1
b2322	2	0	7	1
b2323	54	18	261	111
b2324	0	3	6	1
b2325	0	0	0	0
b2326	2	1	2	0
b2327	0	0	0	1
b2328	2	0	4	0
b2329	8	2	29	10
b2330	9	2	66	25
b2331	1	0	5	2
b2332	0	0	2	0
b2333	0	0	0	0
b2334	0	0	0	0
b2335	0	0	0	0
b2336	0	0	1	0
b2339	0	0	0	0
b2340	19	2	81	18
b2341	0	0	1	0
b2342	1	0	0	0
b2343	3	1	24	4
b2344	3	1	6	1
b2345	0	0	1	0
b2346	11	5	57	22
b2347	0	0	0	0
b2349	0	0	0	0
b2350	1	0	3	0
b2351	2	1	0	1
b2352	0	0	0	0
b2354	0	0	1	0
b2355	0	0	0	0
b2356	0	0	0	0
b2357	0	0	0	0
b2358	0	0	0	0
b2359	0	0	0	0
b2360	0	0	1	0
b2361	0	0	0	0
b2362	0	0	0	0
b2363	0	0	0	0
b2364	0	0	0	0
b2365	0	0	1	0
b2366	0	0	0	1
b2367	0	0	0	0
b2368	0	0	0	0
b2369	1	1	2	0
b2370	0	0	1	0
b2371	0	0	0	0
b2372	0	0	1	0
b2373	0	0	1	0
b2374	0	0	0	0
b2375	0	0	2	0
b2376	0	0	0	0
b2377	0	0	2	0
b2378	7	2	11	5
b2379	1	0	13	2
b2380	0	0	1	0
b2381	0	0	2	1
b2382	1	0	0	0
b2383	1	0	0	0
b2384	0	0	0	0
b2385	0	0	0	0
b2386	0	0	0	0
b2387	0	0	0	0
b2388	3	3	10	4
b2389	0	0	0	0
b2390	1	0	0	0
b2392	79	37	13	14
b2393	1	2	0	1
b2394	0	0	0	0
b2395	0	0	1	0
b2398	1	0	2	0
b2399	0	0	0	0
b2400	21	10	63	19
b2405	0	0	2	1
b2406	1	0	1	0
b2407	0	0	0	0
b2408	0	0	1	0
b2409	1	0	1	1
b2410	3	0	6	4
b2411	6	1	10	6
b2412	12	7	43	9
b2413	6	0	11	5
b2414	44	18	251	88
b2415	21	8	80	25
b2416	30	9	160	40
b2417	45	12	128	32
b2418	4	2	9	3
b2419	0	0	0	0
b2420	0	0	0	0
b2421	3	2	19	9
b2422	6	0	45	27
b2423	2	4	13	3
b2424	0	0	7	4
b2425	2	1	31	11
b2426	0	2	2	0
b2427	0	0	1	0
b2428	0	1	0	0
b2429	0	0	2	0
b2430	1	0	1	0
b2431	12	4	32	11
b2432	1	0	4	5
b2433	4	2	7	7
b2434	4	2	19	10
b2435	0	1	5	0
b2436	0	0	1	0
b2437	0	0	0	0
b2438	1	0	2	1
b2439	0	0	0	0
b2440	1	0	2	0
b2441	3	0	0	0
b2442	2	0	0	0
b2443	0	0	0	0
b2444	0	0	0	0
b2445	0	0	0	0
b2446	0	1	0	1
b2447	0	0	0	0
b2448	0	0	0	0
b2449	0	0	0	0
b2450	0	1	1	0
b2451	0	0	0	0
b2452	0	0	0	0
b2453	0	0	0	0
b2454	0	0	1	0
b2455	0	0	0	0
b2456	0	0	0	0
b2457	0	0	0	0
b2458	0	0	1	0
b2459	0	0	1	0
b2460	0	0	0	0
b2461	0	0	0	0
b2462	0	0	0	0
b2463	3	1	23	7
b2464	4	1	5	1
b2465	32	7	2	3
b2466	0	0	25	4
b2467	0	0	12	2
b2468	0	0	1	0
b2469	0	0	5	2
b2470	0	0	0	1
b2471	1	1	3	4
b2472	1	0	5	4
b2473	0	2	6	1
b2474	1	0	2	0
b2475	1	2	9	2
b2476	31	9	138	24
b2477	70	26	236	67
b2478	34	14	162	45
b2479	2	0	5	1
b2480	5	0	18	2
b2481	0	0	0	0
b2482	0	0	0	0
b2483	0	0	0	0
b2484	0	0	0	0
b2485	0	0	0	0
b2486	0	0	0	0
b2487	0	0	0	0
b2488	0	0	0	0
b2489	1	0	0	0
b2490	0	0	0	0
b2491	0	0	0	0
b2492	0	0	0	0
b2493	5	2	6	2
b2494	3	0	10	1
b2495	0	0	10	3
b2496	2	1	6	1
b2497	1	0	4	0
b2498	20	4	132	51
b2499	44	13	77	34
b2500	3	2	7	4
b2501	2	0	6	2
b2502	2	0	2	1
b2503	1	0	0	0
b2504	0	0	3	0
b2505	0	0	0	0
b2506	0	0	0	0
b2507	18	7	51	10
b2508	83	41	227	79
b2509	1	0	6	3
b2510	1	0	1	0
b2511	9	4	53	14
b2512	21	6	82	21
b2513	11	2	30	12
b2514	30	16	115	32
b2515	8	2	21	8
b2516	3	0	8	6
b2517	17	4	23	5
b2518	18	1	94	21
b2519	1	0	1	1
b2520	4	3	21	8
b2521	3	1	12	6
b2522	0	0	1	0
b2523	2	1	14	8
b2524	0	0	5	0
b2525	0	0	6	1
b2526	8	1	19	7
b2527	3	1	19	3
b2528	15	4	88	28
b2529	14	4	80	16
b2530	33	25	238	83
b2531	40	22	458	116
b2532	17	6	44	11
b2533	31	12	97	12
b2534	0	0	1	0
b2535	0	0	1	0
b2536	3	2	13	6
b2537	1	0	3	1
b2538	0	0	2	3
b2539	0	0	1	0
b2540	0	0	1	0
b2541	1	0	1	1
b2542	0	0	0	0
b2543	0	0	0	0
b2544	0	0	2	1
b2545	0	0	5	0
b2546	1	0	0	0
b2547	2	0	0	0
b2548	0	0	0	0
b2549	0	0	0	0
b2550	0	0	3	2
b2551	157	47	269	111
b2552	1	0	22	4
b2553	1	2	7	2
b2554	1	0	0	0
b2555	0	0	4	0
b2556	2	1	5	3
b2557	22	6	45	16
b2558	0	0	0	1
b2559	1	1	6	1
b2560	2	0	1	0
b2561	0	0	2	3
b2562	1	0	5	3
b2563	1	0	2	1
b2564	2	0	20	2
b2565	3	0	5	0
b2566	7	3	11	4
b2567	3	6	9	4
b2568	3	2	28	4
b2569	64	18	102	33
b2570	1	1	4	0
b2571	0	3	21	4
b2572	24	3	76	33
b2573	4	2	22	3
b2574	0	1	1	1
b2575	1	0	4	0
b2576	3	3	9	2
b2577	1	0	2	0
b2578	0	0	2	0
b2579	4	2	23	6
b2580	1	0	3	1
b2581	13	5	37	14
b2582	8	1	56	15
b2583	0	0	1	0
b2584	3	3	6	1
b2585	4	3	18	6
b2586	0	0	1	0
b2587	70	22	154	48
b2592	80	19	210	75
b2593	5	1	12	2
b2594	1	1	7	2
b2595	2	2	10	4
b2597	2	1	4	0
b2598	1	1	6	2
b2599	7	3	16	7
b2600	151	42	215	102
b2601	213	71	216	88
b2602	0	0	0	0
b2603	1	1	3	1
b2604	0	0	0	0
b2605	0	0	1	0
b2606	182	59	299	114
b2607	360	114	761	310
b2608	532	123	834	401
b2609	38	14	115	32
b2610	34	20	117	24
b2611	5	1	2	1
b2614	8	3	33	15
b2615	4	0	9	3
b2616	2	0	2	0
b2617	10	11	73	21
b2618	1	0	2	0
b2619	9	3	27	6
b2620	3	0	6	1
b2622	0	1	1	0
b2623	0	0	1	0
b2624	0	0	0	0
b2625	0	0	0	0
b2626	0	0	0	0
b2627	0	0	0	1
b2628	0	0	0	0
b2629	0	0	0	0
b2630	6	1	5	0
b2631	3	0	4	2
b2632	0	0	0	0
b2633	0	1	0	0
b2634	0	0	0	0
b2635	0	0	0	0
b2636	0	0	0	0
b2637	0	0	0	0
b2638	0	0	0	0
b2641	1	0	1	0
b2642	0	0	0	0
b2643	0	0	0	0
b2644	0	0	0	0
b2645	0	0	0	0
b2646	0	0	0	0
b2647	1	0	2	1
b2648	0	0	0	0
b2649	0	0	0	0
b2650	0	0	0	0
b2659	1	0	1	0
b2660	0	0	0	0
b2661	2	5	5	2
b2662	0	2	5	3
b2663	1	1	1	1
b2664	3	0	8	2
b2665	4	2	5	1
b2666	0	0	1	0
b2667	0	0	2	0
b2668	0	0	0	0
b2669	0	1	10	2
b2670	2	6	181	39
b2671	4	0	5	1
b2672	1	0	1	0
b2673	19	7	18	7
b2674	43	24	18	9
b2675	16	0	13	1
b2676	0	1	1	0
b2677	1	1	0	1
b2678	2	2	1	0
b2679	0	0	0	1
b2681	0	0	0	0
b2682	0	0	1	1
b2683	0	0	1	0
b2684	1	0	7	0
b2685	0	0	2	0
b2686	2	0	1	0
b2687	14	3	27	3
b2688	10	6	27	5
b2689	0	0	3	1
b2690	1	1	8	0
b2696	3	1	31	6
b2697	27	9	95	29
b2698	0	0	1	0
b2699	33	8	135	19
b2700	1	2	7	5
b2701	0	1	11	6
b2702	0	0	0	0
b2703	0	0	0	0
b2704	0	0	0	0
b2705	0	0	0	0
b2706	0	0	0	0
b2707	0	0	2	0
b2708	0	0	2	0
b2709	1	0	9	6
b2710	1	0	1	1
b2711	0	0	0	0
b2712	0	0	1	0
b2713	0	0	0	0
b2714	0	0	11	5
b2715	0	0	1	0
b2716	0	0	2	0
b2717	1	0	19	5
b2718	0	0	16	5
b2719	0	0	13	9
b2720	0	0	3	8
b2721	2	0	160	33
b2722	0	0	0	0
b2723	0	0	0	0
b2724	0	0	0	0
b2725	0	0	0	0
b2726	0	0	0	0
b2727	0	0	0	0
b2728	0	0	0	0
b2729	1	0	0	0
b2730	0	1	0	0
b2731	0	0	1	0
b2732	0	0	0	0
b2733	10	1	1	0
b2734	0	0	0	0
b2735	1	0	1	1
b2736	0	0	0	0
b2737	0	0	0	0
b2738	0	0	0	0
b2739	0	0	0	0
b2740	0	0	0	0
b2741	184	62	181	45
b2742	47	17	120	49
b2743	1	0	4	1
b2744	1	0	5	1
b2745	0	0	5	3
b2746	3	1	4	1
b2747	0	2	4	0
b2748	4	1	7	6
b2749	0	1	0	0
b2750	3	3	17	5
b2751	21	8	134	36
b2752	8	0	78	36
b2753	0	0	0	1
b2754	0	0	1	0
b2755	0	0	1	1
b2756	0	0	1	0
b2757	0	0	0	0
b2758	0	0	0	0
b2759	0	0	0	0
b2760	0	0	0	0
b2761	0	0	1	0
b2762	2	1	35	13
b2763	1	0	42	17
b2764	2	0	30	5
b2765	2	3	4	1
b2766	0	0	0	1
b2767	0	0	0	1
b2768	0	0	0	0
b2769	0	0	0	0
b2770	0	0	0	0
b2771	0	0	1	1
b2774	0	0	0	0
b2775	0	0	0	0
b2776	0	0	1	1
b2777	1	3	8	1
b2778	0	0	0	0
b2779	124	47	273	98
b2780	25	6	101	24
b2781	0	0	5	0
b2782	1	2	4	0
b2783	0	2	2	0
b2784	3	1	14	2
b2785	5	3	17	5
b2786	0	0	5	0
b2787	0	0	1	1
b2788	0	0	1	0
b2789	0	0	0	0
b2790	0	1	8	4
b2791	1	0	1	0
b2792	0	0	0	0
b2793	0	0	1	0
b2794	1	2	4	0
b2795	3	1	11	2
b2796	1	0	2	0
b2797	0	0	2	0
b2798	0	0	2	0
b2799	1	0	3	3
b2800	0	0	2	0
b2801	0	0	0	0
b2802	0	0	1	0
b2803	0	0	4	1
b2804	0	1	2	3
b2805	0	0	2	0
b2806	0	3	5	3
b2807	3	3	12	2
b2808	0	1	7	1
b2809	0	0	3	3
b2810	4	0	12	0
b2811	1	0	1	2
b2812	3	5	9	2
b2813	4	5	11	6
b2817	1	0	10	3
b2818	2	1	26	4
b2819	2	1	6	3
b2820	0	1	3	0
b2821	5	2	10	5
b2822	2	0	13	8
b2823	0	0	0	1
b2824	0	0	0	0
b2825	0	0	1	0
b2826	0	0	0	0
b2827	0	2	3	0
b2828	4	0	9	2
b2829	4	3	24	8
b2830	4	2	5	5
b2831	2	1	4	0
b2832	4	1	17	5
b2833	1	0	9	0
b2834	5	5	20	7
b2835	0	1	3	4
b2836	0	0	6	1
b2837	1	1	5	1
b2838	1	1	2	2
b2839	0	0	0	1
b2840	2	0	8	0
b2841	2	1	2	3
b2842	0	0	1	0
b2843	0	0	0	0
b2844	1	0	7	3
b2845	1	0	0	0
b2846	0	0	0	0
b2847	0	0	0	0
b2848	0	0	0	0
b2849	0	0	0	0
b2850	0	0	0	0
b2851	0	0	0	0
b2852	0	0	0	0
b2853	0	0	0	0
b2854	0	0	0	0
b2855	0	0	0	0
b2856	0	0	0	0
b2858	0	0	0	0
b2859	0	0	0	0
b2860	0	0	1	1
b2861	0	0	0	0
b2862	0	0	0	0
b2863	0	0	0	0
b2865	2	0	10	1
b2866	0	0	0	0
b2867	0	0	0	1
b2868	0	0	1	0
b2869	0	0	1	0
b2870	0	0	0	0
b2871	0	0	1	0
b2872	0	0	0	0
b2873	0	0	0	0
b2874	0	0	1	0
b2875	0	0	1	0
b2876	1	1	1	0
b2877	0	0	0	0
b2878	0	0	0	0
b2879	0	0	0	0
b2880	0	0	0	0
b2881	0	0	1	0
b2882	0	0	0	0
b2883	0	0	0	0
b2886	0	0	0	1
b2887	0	1	2	0
b2888	0	0	0	0
b2889	1	0	0	0
b2890	14	5	45	6
b2891	35	10	110	31
b2892	11	2	23	10
b2893	4	1	6	4
b2894	8	1	19	11
b2895	7	1	38	14
b2896	5	4	10	6
b2897	3	3	16	5
b2898	11	4	40	14
b2899	1	1	13	2
b2900	1	0	9	1
b2901	2	1	15	8
b2902	0	0	0	0
b2903	2	0	9	4
b2904	1	0	9	3
b2905	3	2	18	3
b2906	0	1	2	1
b2907	10	5	10	5
b2908	3	3	11	5
b2909	3	1	23	5
b2910	1	0	11	2
b2912	0	0	6	1
b2913	73	35	241	97
b2914	8	1	28	12
b2915	0	0	0	0
b2916	0	2	13	4
b2917	0	0	1	0
b2918	0	0	0	0
b2919	0	0	0	0
b2920	0	0	1	0
b2921	0	1	0	0
b2922	4	1	11	3
b2923	0	0	3	1
b2924	27	10	44	15
b2925	15	5	46	10
b2926	30	14	84	16
b2927	6	5	21	5
b2928	1	1	4	1
b2929	0	0	4	3
b2930	0	0	0	1
b2933	0	0	1	0
b2934	0	0	0	0
b2935	16	7	68	25
b2936	1	0	12	2
b2937	5	2	17	5
b2938	23	5	76	25
b2939	0	0	8	0
b2940	0	0	0	0
b2941	0	0	0	0
b2942	29	16	156	50
b2943	2	1	10	1
b2944	0	0	0	0
b2945	0	0	0	0
b2946	5	2	7	2
b2947	7	2	22	7
b2948	10	4	24	5
b2949	6	1	7	2
b2950	0	0	1	0
b2951	4	0	4	4
b2952	9	2	15	7
b2953	1	1	13	2
b2954	3	0	4	0
b2955	2	0	5	0
b2956	0	0	0	0
b2957	0	0	3	0
b2958	6	3	11	1
b2959	6	6	30	10
b2960	12	2	34	14
b2961	1	0	5	3
b2962	0	0	4	2
b2963	0	1	6	0
b2964	1	5	17	1
b2965	3	0	10	2
b2966	0	0	0	0
b2968	0	0	0	0
b2969	1	0	0	0
b2970	0	0	0	0
b2971	0	0	0	0
b2972	1	0	1	0
b2975	0	0	2	0
b2976	2	1	0	1
b2977	0	0	0	0
b2979	0	0	0	0
b2980	4	2	1	0
b2981	0	0	0	0
b2982	4	0	2	0
b2983	0	0	0	0
b2984	0	0	0	0
b2985	0	0	0	0
b2986	0	0	0	0
b2987	1	1	0	0
b2988	4	3	13	2
b2989	3	1	10	2
b2990	2	0	1	1
b2991	0	0	1	0
b2992	1	0	1	1
b2993	1	0	3	0
b2994	0	0	3	1
b2995	0	0	0	1
b2996	0	0	0	0
b2997	1	0	1	0
b2998	0	0	0	1
b3001	2	1	0	1
b3002	3	1	20	5
b3003	1	0	1	1
b3005	56	18	112	38
b3006	159	50	256	104
b3008	4	0	35	8
b3009	8	4	20	5
b3010	0	0	0	0
b3011	5	0	6	6
b3012	2	0	0	0
b3013	0	0	0	0
b3014	0	0	0	0
b3017	5	0	13	5
b3018	2	1	4	3
b3019	4	2	23	5
b3020	0	0	3	0
b3021	0	0	9	3
b3022	2	1	19	2
b3023	1	0	0	0
b3024	2	0	3	0
b3025	3	0	0	2
b3026	0	0	1	1
b3027	0	0	0	0
b3028	6	1	5	3
b3029	1	0	10	4
b3030	9	2	27	5
b3031	2	0	8	4
b3032	14	7	23	11
b3033	7	0	19	9
b3034	0	0	5	2
b3035	19	15	79	16
b3036	1	0	5	1
b3037	2	2	12	5
b3038	3	1	4	5
b3039	0	1	4	1
b3040	6	2	6	3
b3041	10	3	33	8
b3042	1	1	1	0
b3043	0	0	0	0
b3044	0	0	0	0
b3045	1	1	0	0
b3046	0	0	0	0
b3047	0	0	0	0
b3048	0	0	0	0
b3049	1	1	1	0
b3050	0	0	0	0
b3051	0	0	0	0
b3052	10	1	44	15
b3053	4	1	11	4
b3054	6	4	8	8
b3055	2	0	7	2
b3056	4	1	15	10
b3057	1	0	13	7
b3058	1	0	4	2
b3059	1	0	4	2
b3060	0	0	0	1
b3061	0	0	0	0
b3062	0	0	0	0
b3063	0	0	0	0
b3064	8	7	37	22
b3065	101	32	369	96
b3066	13	5	36	13
b3067	36	13	68	26
b3068	0	0	2	3
b3070	11	6	8	10
b3071	0	0	1	1
b3072	0	0	1	0
b3073	15	5	5	2
b3074	0	0	0	0
b3075	0	0	0	0
b3076	0	0	0	0
b3077	0	0	0	0
b3078	0	0	0	0
b3079	0	0	0	0
b3080	0	1	0	0
b3081	0	0	0	0
b3082	1	0	4	0
b3083	0	0	1	1
b3084	7	1	12	1
b3085	0	0	0	3
b3086	0	1	0	0
b3087	0	1	5	0
b3088	0	0	3	1
b3089	31	17	89	28
b3090	0	0	1	1
b3091	2	2	48	15
b3092	3	1	103	31
b3093	0	0	16	4
b3094	7	3	16	1
b3095	3	0	9	7
b3096	0	0	0	1
b3097	3	0	3	2
b3098	3	0	2	1
b3099	3	0	17	5
b3100	5	1	11	5
b3101	0	0	0	1
b3102	1	0	1	0
b3103	1	1	4	2
b3104	0	0	0	0
b3105	2	1	11	2
b3106	0	0	2	0
b3107	0	0	3	3
b3110	0	0	0	0
b3113	0	1	0	0
b3114	0	0	0	1
b3115	0	0	0	0
b3116	1	0	2	0
b3117	0	0	0	0
b3118	1	0	0	0
b3119	0	0	0	0
b3120	0	0	0	0
b3121	0	0	0	0
b3124	1	0	2	0
b3125	0	0	1	1
b3126	0	0	0	0
b3127	0	0	0	0
b3128	0	0	2	2
b3129	0	0	7	2
b3130	0	1	2	1
b3131	5	2	15	6
b3132	0	0	0	0
b3133	0	0	1	0
b3134	0	0	2	0
b3135	0	0	0	0
b3136	0	0	0	0
b3137	0	0	1	0
b3138	0	0	0	0
b3139	0	0	0	0
b3140	0	0	0	0
b3141	0	0	0	0
b3142	0	0	0	0
b3143	0	0	0	0
b3144	0	0	2	0
b3145	0	0	0	0
b3146	0	0	4	0
b3147	3	1	9	3
b3148	0	0	1	0
b3149	3	2	9	3
b3150	2	1	10	6
b3151	1	3	12	5
b3152	1	1	0	0
b3153	0	0	0	0
b3154	1	0	1	2
b3155	1	1	4	0
b3156	16	3	38	12
b3157	10	0	44	8
b3158	0	0	0	0
b3159	0	0	0	0
b3160	1	0	2	0
b3161	3	1	5	1
b3162	196	90	182	53
b3163	100	20	239	54
b3164	109	32	256	95
b3165	51	17	267	61
b3166	4	1	6	0
b3167	4	2	9	1
b3168	97	25	155	35
b3169	123	27	208	72
b3170	39	9	76	23
b3172	9	6	36	10
b3173	0	0	0	0
b3175	17	3	124	20
b3176	14	8	50	26
b3177	1	0	12	3
b3178	98	25	230	99
b3179	10	5	15	6
b3180	8	1	45	9
b3181	20	4	31	8
b3182	1	0	3	2
b3183	94	42	178	63
b3184	60	11	98	53
b3185	214	75	353	113
b3186	290	111	460	193
b3187	12	7	47	8
b3188	0	0	0	0
b3189	14	5	71	22
b3190	4	2	15	3
b3191	3	1	9	5
b3192	7	3	29	6
b3193	7	2	22	12
b3194	15	7	37	22
b3195	29	7	55	23
b3196	4	1	11	1
b3197	2	0	20	5
b3198	3	2	18	6
b3199	2	1	7	4
b3200	3	3	29	12
b3201	2	5	20	2
b3202	7	0	28	5
b3203	1	0	6	1
b3204	6	2	11	3
b3205	2	3	4	0
b3206	0	0	0	0
b3207	11	4	54	11
b3208	0	0	1	0
b3209	1	2	4	2
b3210	7	1	6	3
b3211	0	0	0	0
b3212	47	5	94	36
b3213	16	2	34	8
b3214	1	0	0	0
b3215	0	0	0	0
b3216	0	0	0	0
b3218	0	0	0	0
b3219	1	0	0	0
b3220	0	0	2	0
b3221	0	0	0	0
b3222	0	0	1	2
b3223	0	0	0	1
b3224	0	0	1	0
b3225	0	0	1	0
b3226	2	0	5	2
b3227	0	0	1	0
b3228	19	7	50	12
b3229	14	5	73	14
b3230	212	60	661	159
b3231	161	43	538	103
b3232	1	0	4	2
b3233	6	3	31	11
b3234	2	1	2	1
b3235	6	1	11	2
b3236	61	10	250	75
b3237	2	0	15	3
b3238	1	0	0	0
b3239	1	0	1	0
b3240	1	0	2	0
b3241	0	0	1	0
b3242	0	0	0	0
b3243	1	2	2	1
b3244	2	3	21	7
b3247	1	0	7	3
b3248	2	0	3	0
b3249	0	1	3	1
b3250	3	3	2	2
b3251	21	7	127	35
b3252	2	0	9	4
b3253	3	1	17	4
b3255	6	3	34	10
b3256	12	5	56	17
b3257	1	1	2	0
b3258	5	2	3	2
b3259	4	1	3	2
b3260	272	135	419	173
b3261	46	21	104	29
b3262	0	0	3	1
b3263	0	0	0	0
b3264	0	0	0	0
b3265	0	0	0	0
b3266	1	2	2	0
b3267	0	0	4	2
b3268	0	0	1	0
b3269	0	0	0	0
b3270	0	0	0	0
b3271	0	0	0	2
b3279	3	0	17	3
b3280	2	1	3	1
b3281	1	0	4	4
b3282	1	0	3	0
b3283	1	0	8	1
b3284	7	3	19	11
b3287	7	2	24	11
b3288	6	2	13	6
b3289	0	0	3	0
b3290	2	0	3	2
b3291	6	2	13	1
b3292	0	2	4	1
b3293	3	0	5	1
b3294	92	20	269	67
b3295	505	124	1000	236
b3296	242	53	646	140
b3297	141	32	462	122
b3298	137	36	404	93
b3299	8	1	17	4
b3300	233	56	560	134
b3301	184	36	381	137
b3302	111	25	125	69
b3303	141	35	357	94
b3304	84	27	242	57
b3305	163	42	355	98
b3306	90	35	326	45
b3307	141	37	385	105
b3308	475	116	1509	385
b3309	195	58	815	163
b3310	341	75	1207	321
b3311	61	19	185	33
b3312	89	25	215	49
b3313	162	60	238	61
b3314	299	70	524	154
b3315	150	32	415	80
b3316	58	12	105	34
b3317	385	88	696	228
b3318	105	29	322	86
b3319	511	125	1024	333
b3320	453	123	1030	348
b3321	188	50	424	112
b3322	0	0	0	1
b3323	0	0	0	0
b3324	0	0	0	0
b3325	0	0	0	0
b3326	0	0	0	0
b3327	0	0	0	0
b3328	0	0	0	0
b3329	0	0	0	0
b3330	0	0	0	0
b3331	0	0	0	0
b3332	0	0	1	0
b3333	0	0	0	0
b3334	0	0	0	0
b3335	0	0	0	0
b3336	1	0	1	0
b3337	3	3	1	0
b3338	0	0	0	0
b3339	310	131	969	312
b3340	535	134	1419	446
b3341	263	75	825	200
b3342	56	22	183	39
b3343	1	0	1	0
b3344	0	0	0	0
b3345	1	0	1	1
b3346	0	2	5	1
b3347	13	2	50	11
b3348	0	0	8	0
b3349	68	27	127	45
b3350	0	1	5	3
b3351	1	0	0	0
b3352	3	2	11	4
b3353	0	0	0	0
b3354	0	0	0	1
b3355	0	0	1	0
b3356	3	0	11	3
b3357	21	7	100	27
b3358	1	0	3	1
b3359	2	0	4	3
b3360	0	0	4	0
b3361	1	0	1	0
b3362	0	0	0	0
b3363	0	1	5	3
b3364	10	2	6	2
b3365	0	0	2	0
b3366	0	0	0	0
b3367	0	0	1	0
b3368	9	1	28	7
b3369	0	0	0	0
b3370	0	0	0	0
b3371	0	1	0	0
b3374	1	0	1	0
b3375	0	0	1	0
b3376	0	0	0	1
b3377	0	0	0	0
b3378	0	0	0	0
b3379	0	0	0	0
b3380	0	0	0	0
b3381	0	0	0	0
b3382	0	1	1	0
b3383	2	1	1	0
b3384	16	4	43	9
b3385	2	0	16	3
b3386	2	2	15	2
b3387	1	0	3	1
b3388	8	2	30	11
b3389	18	12	52	18
b3390	20	3	50	17
b3391	1	0	0	0
b3392	1	0	0	0
b3393	0	0	0	0
b3394	0	0	0	0
b3395	0	0	3	1
b3396	12	3	38	10
b3397	0	1	31	5
b3398	0	0	6	4
b3399	0	1	9	2
b3400	0	0	3	1
b3401	3	0	9	5
b3402	0	0	2	0
b3403	5	3	24	11
b3404	0	0	4	0
b3405	7	7	24	13
b3406	0	0	1	0
b3407	2	1	13	2
b3408	2	0	2	2
b3409	11	4	36	10
b3410	0	1	2	0
b3411	1	0	2	2
b3412	4	3	8	5
b3413	5	0	8	3
b3414	36	18	109	28
b3415	5	1	19	3
b3416	1	0	2	0
b3417	1	0	3	1
b3418	1	3	4	0
b3421	2	2	4	1
b3422	0	0	1	0
b3423	0	0	2	2
b3424	1	1	9	2
b3425	0	0	8	3
b3426	5	2	380	116
b3427	0	0	1	0
b3428	5	6	16	8
b3429	9	1	19	3
b3430	3	0	7	2
b3431	1	2	10	7
b3432	2	2	18	3
b3433	25	6	58	27
b3434	1	0	6	4
b3437	0	0	3	0
b3438	1	1	10	1
b3439	2	1	3	3
b3440	3	2	16	1
b3441	0	0	0	0
b3442	0	0	0	0
b3443	0	0	0	0
b3444	0	0	1	0
b3445	0	0	0	0
b3446	0	0	0	0
b3447	2	0	0	0
b3448	1	0	0	0
b3449	2	2	5	2
b3450	0	0	3	1
b3451	0	0	0	0
b3452	0	0	0	0
b3453	0	0	2	3
b3454	2	0	2	2
b3455	2	0	1	1
b3456	6	3	9	2
b3457	4	0	3	0
b3458	4	1	8	3
b3459	0	0	1	0
b3460	10	6	11	6
b3461	50	13	115	48
b3462	11	3	14	8
b3463	10	3	25	14
b3464	10	2	55	9
b3465	2	1	7	1
b3466	0	0	1	0
b3467	1	0	3	3
b3468	6	0	17	4
b3469	2	0	2	0
b3470	0	1	11	2
b3471	2	1	9	1
b3472	7	1	28	10
b3473	0	0	2	1
b3474	0	0	0	0
b3475	2	0	15	5
b3476	0	0	0	0
b3477	0	0	0	0
b3478	0	0	0	0
b3479	0	0	0	0
b3480	0	0	0	1
b3481	0	0	3	0
b3482	0	0	0	0
b3483	0	0	0	0
b3484	0	0	0	0
b3485	1	0	1	0
b3486	1	0	3	1
b3487	3	0	10	2
b3488	0	0	0	0
b3491	0	1	1	0
b3492	5	0	4	2
b3493	46	11	119	40
b3494	0	0	1	0
b3495	30	4	116	36
b3496	0	0	2	1
b3497	4	0	5	2
b3498	12	0	14	10
b3499	1	0	7	2
b3500	5	6	26	5
b3501	0	0	3	2
b3502	0	0	1	0
b3503	0	0	0	0
b3504	0	0	0	0
b3505	0	0	2	0
b3506	0	1	1	0
b3507	0	0	0	0
b3508	0	0	0	0
b3509	3	0	3	0
b3510	2	0	4	0
b3511	1	0	1	0
b3512	0	0	0	0
b3513	0	0	0	0
b3514	0	0	3	1
b3515	0	1	0	0
b3516	0	0	1	0
b3517	2	0	3	2
b3518	0	0	0	0
b3519	2	2	3	1
b3520	0	0	0	0
b3521	0	0	0	0
b3522	0	0	1	1
b3523	14	2	20	5
b3524	3	1	0	0
b3525	0	0	0	0
b3526	2	1	10	3
b3527	1	2	6	2
b3528	0	1	10	3
b3529	1	0	2	1
b3530	3	1	3	0
b3531	0	0	0	0
b3532	0	0	2	0
b3533	0	0	0	0
b3534	1	0	0	0
b3535	0	0	0	0
b3536	2	2	6	1
b3537	0	0	0	0
b3538	0	0	0	0
b3539	1	0	2	0
b3540	0	0	1	0
b3541	0	1	0	1
b3542	1	0	1	1
b3543	1	1	4	0
b3544	20	5	82	21
b3546	2	0	1	2
b3547	1	0	0	0
b3548	1	0	1	0
b3549	0	0	2	3
b3550	1	0	1	0
b3551	4	3	6	4
b3552	2	0	17	1
b3553	10	4	31	8
b3554	7	4	32	6
b3555	2	0	0	0
b3556	169	62	480	69
b3557	2	0	0	0
b3558	0	0	0	0
b3559	26	4	60	18
b3560	22	8	40	29
b3561	0	0	0	0
b3562	0	0	2	0
b3563	0	0	0	1
b3564	0	1	4	0
b3565	0	0	3	2
b3566	0	0	0	0
b3567	0	0	0	0
b3568	1	1	1	0
b3569	1	0	1	1
b3570	9	4	17	1
b3571	1	0	0	0
b3572	7	1	6	2
b3573	0	1	0	0
b3574	0	0	5	0
b3575	0	0	0	0
b3576	0	0	0	0
b3577	0	0	0	0
b3578	0	0	0	0
b3579	0	0	0	0
b3580	0	0	2	0
b3581	0	0	0	0
b3582	0	0	0	0
b3583	0	0	0	0
b3584	0	0	3	1
b3585	2	0	0	0
b3586	0	0	0	0
b3587	0	0	0	0
b3588	0	0	0	0
b3589	0	0	0	0
b3590	0	0	10	1
b3591	3	1	3	4
b3592	4	2	2	0
b3593	3	1	0	0
b3594	0	0	0	0
b3595	0	0	0	0
b3596	0	0	0	0
b3597	0	0	0	0
b3598	1	0	2	0
b3599	0	0	9	0
b3600	3	0	8	2
b3601	3	0	14	3
b3602	7	1	12	7
b3603	0	1	4	0
b3604	0	0	1	0
b3605	2	0	8	3
b3606	0	0	4	3
b3607	3	1	24	5
b3608	6	1	17	7
b3609	7	2	24	6
b3610	6	0	16	3
b3611	8	3	19	8
b3612	44	22	111	45
b3613	7	1	3	5
b3614	0	0	0	0
b3615	0	0	0	0
b3616	4	1	6	0
b3617	2	0	20	8
b3618	0	0	1	0
b3619	23	4	56	11
b3620	3	1	8	7
b3621	0	0	3	1
b3622	0	0	0	0
b3623	0	0	1	0
b3624	2	0	2	0
b3625	0	0	3	1
b3626	0	0	4	1
b3627	1	0	0	1
b3628	0	0	8	1
b3629	0	0	2	0
b3630	3	0	4	1
b3631	4	1	2	0
b3632	2	1	14	0
b3633	6	0	5	7
b3634	0	1	3	0
b3635	0	0	0	0
b3636	19	5	95	26
b3637	49	24	143	28
b3638	0	0	4	0
b3639	3	2	25	8
b3640	10	2	55	11
b3641	1	0	4	3
b3642	3	0	5	1
b3643	13	4	52	25
b3644	10	4	59	18
b3645	1	0	4	0
b3646	1	0	0	1
b3647	0	0	3	0
b3648	17	2	31	10
b3649	30	9	79	36
b3650	4	0	32	4
b3651	0	1	0	1
b3652	0	0	0	1
b3653	5	1	28	11
b3654	11	2	21	4
b3655	8	3	14	8
b3656	0	1	0	0
b3657	0	0	0	0
b3659	1	0	0	0
b3660	0	0	2	0
b3661	1	0	8	1
b3662	2	2	1	2
b3663	1	1	4	1
b3664	0	0	0	0
b3665	0	0	2	0
b3666	0	0	1	0
b3667	0	0	1	0
b3668	6	6	10	7
b3669	11	8	30	25
b3670	0	0	2	0
b3671	2	3	41	13
b3672	57	36	142	110
b3673	4	2	2	2
b3674	0	0	0	0
b3675	0	0	0	0
b3676	0	0	5	1
b3677	0	0	0	0
b3678	0	0	0	0
b3679	0	0	1	0
b3680	0	0	0	0
b3681	0	0	0	0
b3682	0	0	0	0
b3683	0	0	0	0
b3684	0	0	0	0
b3685	1	0	4	1
b3686	0	0	3	0
b3687	0	0	4	1
b3688	0	2	9	3
b3689	2	1	5	4
b3690	0	0	5	1
b3691	0	0	0	0
b3693	0	0	1	0
b3696	1	0	0	0
b3697	0	0	4	3
b3698	1	0	4	1
b3699	18	4	39	11
b3700	1	0	0	0
b3701	3	2	15	4
b3702	14	2	50	11
b3703	44	19	164	31
b3704	30	9	18	7
b3705	26	9	44	18
b3706	1	0	2	3
b3707	0	0	0	0
b3708	1	0	0	0
b3709	0	0	0	0
b3710	1	1	0	0
b3711	0	0	0	0
b3712	0	0	0	0
b3713	1	1	1	1
b3714	8	8	3	2
b3715	0	1	0	0
b3716	0	0	1	0
b3717	1	0	0	0
b3718	0	0	0	0
b3719	0	0	0	0
b3720	0	0	0	0
b3721	0	0	0	0
b3722	0	0	0	0
b3723	0	0	0	0
b3724	0	0	6	3
b3725	1	0	4	1
b3726	1	1	1	0
b3727	1	0	0	2
b3728	2	0	15	4
b3729	19	5	47	28
b3730	12	2	40	15
b3731	6	2	14	5
b3732	23	5	66	30
b3733	7	3	53	9
b3734	30	7	109	30
b3735	12	2	33	11
b3736	13	2	66	18
b3737	7	2	67	14
b3738	17	4	55	12
b3739	14	1	65	20
b3740	0	0	2	0
b3741	33	4	92	30
b3742	9	2	34	2
b3743	1	0	18	6
b3744	1	1	626	230
b3745	0	0	1	0
b3746	2	0	3	1
b3747	2	0	4	0
b3748	10	5	6	2
b3749	0	0	1	0
b3750	0	0	0	1
b3751	0	1	6	0
b3752	0	0	2	1
b3753	0	0	0	0
b3754	0	0	1	0
b3755	0	0	2	1
b3764	16	9	287	86
b3765	1	0	0	0
b3766	32	13	32	36
b3769	2	0	4	3
b3770	14	4	31	14
b3771	7	0	16	6
b3772	3	1	12	5
b3773	3	0	6	1
b3774	7	1	25	4
b3775	9	1	11	4
b3777	0	0	0	1
b3778	3	0	11	4
b3779	6	0	9	3
b3780	9	3	20	3
b3781	15	5	61	24
b3782	3	1	7	4
b3783	15	5	57	8
b3784	3	2	14	7
b3785	0	3	6	3
b3786	0	0	3	0
b3787	1	0	2	0
b3788	1	0	1	1
b3789	1	0	2	0
b3790	0	1	2	0
b3791	1	0	5	1
b3792	1	0	0	0
b3793	0	0	4	0
b3794	0	0	1	4
b3795	4	0	1	1
b3800	1	0	0	0
b3801	0	0	1	0
b3802	2	1	2	1
b3803	4	0	4	0
b3804	0	0	2	2
b3805	12	2	36	13
b3806	13	5	19	14
b3807	0	0	3	1
b3808	0	0	0	0
b3809	3	1	23	2
b3810	1	1	10	4
b3811	0	0	1	1
b3812	1	1	2	0
b3813	5	2	21	5
b3816	21	6	176	63
b3817	0	0	0	0
b3818	0	0	0	0
b3819	0	1	2	0
b3820	4	0	9	2
b3821	4	0	13	3
b3822	1	0	4	2
b3823	3	0	6	5
b3824	3	0	9	2
b3825	0	1	15	6
b3826	0	0	1	0
b3827	2	1	7	3
b3828	2	1	24	13
b3829	116	27	276	87
b3830	4	2	5	4
b3831	8	1	19	8
b3832	0	0	2	0
b3833	3	0	15	5
b3834	4	1	5	1
b3835	6	1	7	3
b3836	6	1	31	5
b3838	6	2	19	6
b3839	3	0	6	0
b3842	2	0	3	4
b3843	15	2	62	15
b3844	1	3	24	10
b3845	1	1	2	0
b3846	0	0	6	3
b3847	0	2	17	2
b3848	0	1	1	0
b3849	0	1	8	4
b3850	0	0	2	1
b3856	0	0	1	0
b3857	1	0	4	1
b3858	1	0	0	1
b3859	2	2	9	4
b3860	9	4	15	10
b3861	0	0	0	0
b3862	0	0	0	4
b3863	5	1	24	11
b3865	8	0	34	14
b3866	4	1	23	1
b3867	2	2	21	1
b3868	3	0	2	2
b3869	0	0	1	0
b3870	14	6	18	3
b3871	208	64	597	149
b3872	1	0	0	1
b3873	0	0	1	0
b3874	0	0	0	0
b3875	0	0	0	0
b3876	0	0	0	0
b3877	0	0	0	0
b3878	0	0	1	0
b3879	0	0	0	0
b3880	0	0	0	0
b3881	0	0	0	0
b3882	0	0	0	0
b3883	1	0	1	0
b3884	1	0	1	2
b3885	1	0	4	1
b3886	1	0	1	0
b3887	2	2	5	0
b3888	3	2	11	3
b3889	0	0	0	0
b3890	0	0	4	0
b3891	9	3	38	10
b3892	1	3	5	2
b3893	1	0	3	3
b3894	5	0	18	17
b3895	0	1	10	4
b3896	0	0	1	0
b3897	0	0	0	0
b3898	0	0	0	0
b3899	1	0	1	0
b3900	0	0	0	0
b3901	0	0	0	0
b3902	0	0	0	0
b3903	0	0	0	0
b3904	0	0	0	0
b3905	0	0	4	0
b3906	0	0	0	0
b3907	0	0	0	0
b3908	17	15	46	22
b3909	1	0	1	0
b3910	0	1	6	1
b3911	1	2	5	2
b3912	2	3	19	10
b3915	4	2	34	7
b3916	64	24	163	51
b3917	0	0	8	1
b3918	0	0	1	0
b3919	13	3	70	16
b3920	0	0	0	0
b3921	1	1	6	1
b3922	1	0	5	1
b3923	0	1	5	0
b3924	1	1	2	1
b3925	2	3	10	5
b3926	0	0	20	3
b3927	0	0	5	1
b3928	2	3	35	12
b3929	28	3	79	25
b3930	8	0	7	3
b3931	4	1	17	6
b3932	3	1	5	1
b3933	1	0	8	1
b3934	0	0	0	0
b3935	2	0	5	1
b3936	32	16	73	24
b3937	0	0	1	0
b3938	0	0	9	1
b3939	2	0	26	12
b3940	9	1	44	34
b3941	1	1	13	5
b3942	7	1	22	5
b3943	0	0	0	0
b3944	0	0	0	0
b3945	1	0	0	0
b3946	0	0	0	0
b3947	0	0	0	0
b3949	0	0	1	0
b3950	0	0	0	0
b3951	0	1	1	0
b3952	0	0	0	0
b3953	0	0	0	0
b3954	0	0	1	0
b3955	0	0	8	2
b3956	16	8	50	12
b3957	4	2	8	5
b3958	0	0	6	2
b3959	1	0	9	3
b3960	6	0	19	4
b3961	9	3	18	4
b3962	1	0	8	0
b3963	10	3	48	15
b3964	2	0	12	2
b3965	0	3	17	6
b3966	1	0	13	4
b3967	2	2	14	1
b3972	2	2	16	1
b3973	2	0	4	0
b3974	1	0	3	0
b3980	346	123	1086	313
b3981	24	6	55	11
b3982	32	16	58	14
b3983	257	79	417	220
b3984	344	102	1127	256
b3985	492	108	968	358
b3986	319	149	1169	289
b3987	71	30	255	65
b3988	168	45	486	171
b3989	0	0	0	0
b3990	17	6	63	25
b3991	11	11	49	23
b3992	15	8	85	32
b3993	24	8	45	25
b3994	19	8	113	39
b3995	3	1	14	8
b3996	2	2	8	5
b3997	6	1	17	10
b3998	0	0	2	2
b3999	4	1	10	4
b4000	14	3	42	16
b4001	0	1	10	1
b4002	0	0	0	0
b4003	0	0	0	0
b4004	2	0	3	0
b4005	7	3	8	1
b4006	20	8	18	12
b4011	0	0	0	0
b4012	0	0	1	1
b4013	1	2	44	20
b4014	30	13	101	23
b4015	21	9	48	32
b4016	6	1	20	5
b4017	0	0	0	0
b4018	1	0	3	0
b4019	6	1	45	15
b4020	1	0	3	2
b4021	2	0	2	1
b4022	1	0	0	0
b4023	0	0	1	0
b4024	3	2	21	20
b4025	14	10	39	10
b4026	0	0	6	3
b4027	0	0	0	0
b4028	0	0	0	0
b4029	0	0	1	0
b4030	0	0	0	1
b4031	0	0	2	1
b4032	1	0	0	0
b4033	1	0	0	0
b4034	0	0	1	0
b4035	0	0	0	0
b4036	0	0	0	0
b4037	0	0	1	0
b4038	0	0	0	0
b4039	3	1	16	9
b4040	16	3	41	19
b4041	4	2	9	4
b4042	1	0	7	1
b4043	3	2	28	6
b4044	0	0	4	0
b4045	0	0	1	2
b4046	1	2	7	1
b4047	0	0	0	0
b4048	0	0	0	0
b4049	6	3	25	7
b4050	0	0	1	0
b4051	0	0	4	1
b4052	3	1	31	7
b4053	2	1	7	1
b4054	7	1	19	10
b4055	1	0	2	0
b4056	2	0	8	0
b4057	1	0	3	1
b4058	8	2	17	4
b4059	11	3	23	8
b4060	3	2	7	3
b4061	0	0	0	0
b4062	0	0	8	1
b4063	0	0	6	0
b4064	21	3	48	13
b4065	1	1	1	1
b4066	0	0	0	0
b4067	0	0	0	2
b4068	0	0	0	2
b4069	2	0	2	4
b4070	0	0	0	1
b4071	0	0	0	0
b4072	1	0	0	0
b4073	0	0	1	0
b4074	0	0	0	1
b4075	0	0	1	1
b4076	0	0	0	0
b4077	2	0	19	2
b4078	2	0	12	2
b4079	0	1	6	0
b4080	0	0	0	0
b4081	0	0	1	0
b4082	0	0	0	0
b4083	0	0	0	0
b4084	0	0	0	0
b4085	0	0	0	0
b4086	0	0	0	0
b4087	0	0	0	0
b4088	0	0	0	0
b4089	1	0	1	0
b4090	0	0	0	0
b4092	0	0	0	0
b4093	1	0	0	0
b4094	1	0	0	0
b4095	0	0	0	0
b4096	0	0	0	0
b4097	0	0	0	0
b4098	0	0	0	0
b4099	0	0	0	0
b4100	0	0	0	0
b4101	0	0	0	0
b4102	0	0	0	0
b4105	0	0	0	0
b4106	0	0	0	0
b4107	0	0	0	0
b4108	0	0	9	0
b4109	0	0	1	0
b4110	0	0	0	0
b4111	29	10	45	16
b4112	0	0	0	0
b4113	2	0	2	3
b4114	0	0	0	1
b4115	1	0	0	0
b4116	0	0	0	0
b4117	0	0	1	0
b4118	1	0	1	0
b4119	0	0	0	0
b4120	0	0	1	0
b4121	2	0	0	2
b4122	0	0	0	0
b4123	1	0	1	0
b4124	0	0	0	0
b4125	1	1	3	0
b4126	0	0	0	0
b4127	0	0	0	0
b4128	0	0	0	0
b4129	3	1	4	2
b4130	1	0	1	0
b4131	0	0	0	0
b4132	0	0	0	0
b4133	0	0	1	0
b4135	1	1	8	2
b4136	3	0	5	0
b4137	0	0	1	0
b4138	4	1	21	5
b4139	6	1	8	1
b4140	0	0	0	0
b4141	4	3	16	3
b4142	1	1	18	5
b4143	30	9	143	51
b4144	17	5	38	15
b4145	0	0	1	0
b4146	3	1	7	2
b4147	44	18	118	39
b4148	1	0	4	0
b4149	0	0	0	0
b4150	0	0	1	0
b4151	1	1	2	0
b4152	1	0	1	0
b4153	0	0	0	0
b4154	2	1	1	1
b4155	3	0	4	1
b4156	0	0	4	0
b4157	0	0	0	0
b4158	0	0	0	0
b4159	4	1	2	1
b4160	6	0	8	0
b4161	4	5	23	10
b4162	5	3	11	7
b4166	4	1	2	0
b4167	7	2	20	7
b4168	1	1	3	0
b4169	3	1	6	0
b4170	3	0	7	6
b4171	15	8	93	33
b4172	16	6	42	18
b4173	10	2	24	7
b4174	6	2	12	2
b4175	9	4	23	7
b4176	1	2	1	0
b4177	98	28	205	84
b4178	9	3	20	6
b4179	13	4	16	4
b4180	5	1	19	14
b4181	0	0	0	0
b4182	0	0	0	0
b4183	0	0	0	0
b4184	0	0	0	0
b4185	0	0	0	0
b4186	0	1	2	0
b4187	0	2	1	1
b4188	1	0	3	1
b4189	9	4	2	1
b4190	0	0	0	0
b4191	0	0	0	0
b4192	0	0	0	0
b4193	0	0	0	0
b4194	0	0	0	0
b4195	0	0	0	0
b4196	0	0	1	0
b4197	0	0	1	1
b4198	0	0	0	0
b4199	0	0	0	0
b4200	169	66	362	146
b4201	145	50	457	111
b4202	31	10	120	23
b4203	163	49	596	168
b4204	0	0	0	0
b4205	0	0	0	0
b4206	1	0	9	6
b4207	7	3	21	13
b4208	20	3	46	20
b4209	0	0	2	1
b4210	0	0	0	0
b4211	1	0	2	0
b4212	0	0	1	1
b4213	1	0	3	3
b4214	1	0	10	6
b4215	0	0	0	0
b4216	1	0	0	0
b4217	0	1	4	1
b4218	3	1	7	2
b4219	4	0	11	4
b4220	2	1	4	2
b4221	4	1	15	1
b4222	0	2	7	2
b4223	0	0	1	0
b4224	0	0	6	0
b4225	0	0	8	5
b4226	20	2	73	16
b4227	0	0	0	0
b4230	0	0	1	0
b4231	0	2	1	0
b4232	4	3	45	14
b4233	19	2	70	25
b4234	6	1	12	10
b4235	5	4	19	10
b4237	0	0	2	0
b4238	4	0	0	0
b4239	0	0	0	0
b4240	0	0	0	0
b4241	0	0	6	1
b4242	6	4	32	11
b4243	6	4	32	9
b4244	0	1	1	0
b4245	0	0	3	2
b4246	0	0	14	3
b4248	1	0	0	0
b4249	0	0	1	0
b4251	1	0	1	1
b4252	2	0	0	1
b4253	0	0	0	0
b4254	1	0	2	2
b4255	8	2	31	17
b4256	1	0	10	4
b4257	0	0	1	0
b4258	23	15	67	18
b4259	1	0	13	5
b4260	29	11	94	28
b4261	16	3	44	9
b4262	11	7	32	16
b4263	2	0	7	4
b4264	0	0	0	1
b4265	2	0	5	1
b4266	0	0	0	0
b4267	0	0	0	1
b4268	0	0	0	0
b4269	4	0	0	3
b4271	0	0	0	0
b4272	0	0	0	0
b4273	0	1	0	0
b4277	0	0	0	0
b4278	0	1	0	0
b4279	0	0	0	0
b4280	0	0	0	0
b4281	0	0	0	0
b4282	0	0	1	0
b4284	0	0	0	0
b4286	0	0	0	0
b4287	0	0	0	0
b4288	0	0	0	0
b4289	2	0	0	0
b4290	1	2	0	0
b4291	2	0	1	0
b4292	7	7	3	4
b4293	10	6	2	3
b4294	0	0	1	0
b4295	2	2	0	1
b4296	0	0	1	0
b4297	1	0	0	0
b4298	0	0	0	0
b4299	0	0	0	0
b4300	0	0	0	0
b4301	0	0	0	0
b4302	0	0	1	0
b4303	0	0	0	0
b4304	0	0	0	0
b4305	0	0	0	0
b4306	0	0	0	0
b4307	0	0	0	0
b4308	0	0	0	0
b4309	0	0	0	0
b4310	0	0	0	0
b4311	0	0	0	0
b4312	0	0	0	0
b4313	1	0	0	0
b4314	34	12	14	0
b4315	4	1	0	0
b4316	0	1	0	0
b4317	2	0	0	0
b4318	0	0	0	0
b4319	0	0	0	0
b4320	0	0	0	0
b4321	0	0	2	0
b4322	2	0	11	4
b4323	0	0	3	4
b4324	6	2	24	6
b4325	0	0	0	0
b4326	0	0	0	0
b4327	0	0	0	0
b4328	0	0	1	1
b4329	0	0	0	0
b4330	0	0	0	0
b4331	0	0	0	0
b4332	1	0	0	0
b4333	0	0	0	0
b4334	0	0	0	0
b4335	1	0	0	0
b4336	0	0	0	0
b4337	2	0	0	0
b4340	0	0	1	0
b4341	0	0	0	0
b4342	1	1	1	0
b4345	0	0	0	0
b4346	0	0	0	0
b4347	0	0	0	0
b4348	0	0	0	0
b4349	1	0	0	0
b4350	0	1	0	0
b4351	2	0	1	0
b4352	2	0	1	0
b4353	0	0	0	0
b4354	8	4	12	8
b4355	0	1	0	0
b4356	0	0	0	0
b4357	0	0	0	0
b4358	0	0	0	0
b4359	0	0	10	5
b4360	3	0	7	1
b4361	1	0	6	1
b4362	4	0	9	3
b4363	0	0	0	0
b4364	0	0	0	1
b4365	0	0	1	0
b4366	0	0	0	0
b4367	13	10	66	15
b4371	3	5	23	9
b4372	3	0	2	2
b4373	1	0	6	0
b4374	2	0	5	3
b4375	25	4	73	28
b4376	8	3	7	4
b4377	1	0	3	1
b4378	0	0	6	0
b4379	0	0	0	0
b4380	0	0	1	0
b4381	12	1	253	82
b4382	2	1	130	39
b4383	18	9	152	48
b4384	6	3	19	11
b4385	0	0	1	0
b4386	2	0	8	0
b4387	0	0	2	1
b4388	5	1	16	6
b4389	5	3	12	3
b4390	4	0	4	3
b4391	26	5	90	26
b4392	0	2	5	5
b4393	1	0	1	0
b4394	0	0	4	3
b4395	9	4	45	23
b4396	7	2	18	4
b4397	0	1	4	2
b4398	0	1	6	2
b4399	0	1	1	0
b4400	0	0	3	0
b4401	14	4	63	12
b4402	0	0	0	0
b4403	0	0	2	2
b4406	3	0	13	2
b4407	1	1	21	8
b4409	0	0	6	1
b4410	1	0	2	0
b4411	1	1	3	2
b4412	0	0	0	0
b4415	0	0	0	0
b4419	0	0	0	0
b4421	1	0	3	0
b4423	2	0	0	1
b4428	2	0	2	1
b4453	1	0	5	1
b4455	0	0	0	0
b4460	0	0	0	0
b4461	0	0	0	0
b4462	0	0	0	0
b4463	0	0	0	0
b4464	0	0	0	0
b4465	0	0	0	0
b4466	0	0	1	0
b4467	0	2	1	0
b4468	0	0	0	0
b4469	13	8	21	7
b4470	3	0	3	0
b4471	1	0	5	1
b4472	0	0	2	1
b4473	3	2	5	2
b4474	0	0	2	0
b4475	1	0	3	0
b4476	1	0	0	0
b4477	0	0	1	1
b4478	0	0	0	0
b4479	1	1	4	3
b4480	0	0	2	1
b4481	0	0	5	0
b4482	0	0	1	0
b4483	3	1	6	0
b4484	0	1	8	1
b4485	1	0	0	0
b4486	0	0	0	0
b4487	0	0	0	0
b4488	35	10	150	52
b4490	23	13	10	2
b4491	1	0	0	0
b4492	6	3	1	0
b4493	10	2	22	5
b4494	0	0	0	0
b4495	0	0	0	0
b4496	0	0	0	2
b4497	0	0	0	0
b4498	0	0	0	0
b4500	1	0	0	0
b4501	0	0	1	0
b4502	0	0	4	1
b4503	0	0	0	0
b4504	0	0	0	0
b4506	1	0	0	0
b4509	0	0	0	0
b4510	0	0	0	0
b4511	0	0	1	1
b4512	0	0	1	0
b4513	0	0	0	0
b4514	0	0	0	0
b4515	0	0	4	1
b4516	0	0	0	0
b4517	0	1	0	0
b4518	0	0	0	0
b4519	0	0	1	0
b4520	0	0	1	0
b4521	1	0	1	0
b4522	3	0	4	1
b4523	0	0	0	1
b4524	0	0	0	0
b4525	0	0	0	0
b4526	0	0	0	0
b4527	0	0	0	0
b4528	1	0	0	0
b4529	2	2	3	1
b4532	1	1	46	12
b4533	0	0	0	0
b4534	0	0	0	1
b4535	0	0	0	0
b4536	0	0	0	0
b4537	0	0	6	0
b4538	0	1	0	0
b4539	0	0	11	2
b4541	0	0	0	0
b4542	0	1	0	1
b4543	0	0	8	0
b4544	0	0	0	0
b4545	0	0	0	0
b4546	1	0	1	0
b4547	1	0	3	0
b4548	0	0	0	0
b4550	3	1	17	6
b4551	0	2	2	0
b4553	0	1	0	0
b4554	3	0	2	1
b4555	0	0	0	0
b4557	13	4	6	5
b4558	7	2	17	9
b4559	0	0	0	0
b4565	0	0	0	0
b4566	0	0	0	0
b4567	13	2	32	6
b4568	0	1	1	1
b4569	0	0	0	0
b4570	0	0	0	0
b4571	0	0	0	0
b4572	0	0	0	0
b4573	0	1	1	0
b4575	1	0	3	0
b4579	0	0	0	0
b4580	0	0	0	0
b4581	1	0	2	0
b4582	0	0	0	0
b4583	0	0	0	0
b4584	0	1	0	0
b4586	0	0	0	0
b4587	0	0	0	0
b4588	0	0	0	0
b4589	0	0	0	0
b4590	0	0	0	0
b4592	0	0	0	0
b4593	0	0	0	0
b4594	0	0	0	0
b4595	2	0	18	3
b4596	0	0	0	1
b4598	0	0	0	0
b4599	0	1	8	1
b4601	0	0	0	0
b4602	0	0	2	1
b4604	0	0	0	0
b4605	0	0	0	0
b4606	2	0	3	0
b4610	0	0	0	0
b4612	0	0	0	0
b4613	4	2	24	8
b4615	0	0	0	0
b4618	0	0	3	0
b4620	0	0	0	0
b4621	0	0	0	0
b4622	0	0	0	0
b4623	0	0	0	0
b4626	0	0	0	0
b4630	0	0	0	0
b4632	0	0	0	0
b4633	0	0	0	0
b4634	0	0	0	0
b4637	1	0	6	1
b4638	0	0	0	0
b4644	0	0	0	0
b4650	0	0	0	0
b4655	0	0	0	0
b4657	0	0	0	0
b4658	1	0	0	0
b4660	0	0	0	0
b4661	0	0	2	0
b4662	5	3	6	3
b4663	1	0	14	0
b4664	1	0	1	1
b4665	0	0	0	0
b4666	0	0	0	0
b4667	0	0	0	0
b4668	0	0	0	0
b4669	0	3	16	7
b4670	0	0	0	0
b4671	0	0	0	0
b4672	0	0	0	0
b4673	0	0	0	0
b4674	0	0	0	0
b4675	0	1	2	1
b4676	0	0	1	0
b4677	0	0	0	0
b4678	0	0	0	1
b4679	0	0	0	0
b4680	0	0	2	0
b4682	0	0	0	0
b4683	0	0	0	0
b4684	0	0	0	0
b4685	10	4	28	4
b4686	2	0	27	5
b4687	0	0	0	0
b4688	0	0	1	0
b4689	0	0	0	0
b4692	0	0	0	0
b4693	0	0	0	0
b4696	1	1	2	3
b4702	3	0	7	2
b4703	0	0	1	0
b4705	1	0	0	0
b4706	0	0	0	0
b4709	0	0	0	0
b4710	0	0	0	0
b4711	4	0	1	0
b4715	0	0	0	0
b4720	0	0	0	0
b4721	0	0	0	0
b4722	0	0	0	0
b4723	11	1	18	4
b4724	1	0	0	0
b4725	1	0	3	0
b4726	0	0	0	0
b4727	0	0	0	0
b4728	4	1	14	3
b4729	0	0	0	0
b4730	0	0	0	0
b4731	0	0	0	0
b4732	0	0	0	0
b4733	0	0	0	0
b4734	0	0	0	0
b4735	0	0	11	1
b4736	2	0	1	2
b4737	0	0	0	0
b4738	0	0	0	0
b4739	0	0	0	0
b4740	0	0	0	0
b4741	1	0	3	1
b4742	0	0	2	0
b4743	0	0	0	0
b4744	0	1	1	0
b4745	0	0	0	0
b4746	0	0	0	0
b4747	0	0	0	0
b4748	0	0	0	0
b4749	0	0	0	0
b4750	0	0	0	0
b4751	0	0	0	0
b4752	0	0	1	0
b4753	0	0	0	0
b4754	0	0	0	0
b4755	0	0	0	0
b4756	0	0	1	0
b4757	0	0	0	0
